
 --------------------------------------------------------- 

Number of beacons used: 15, Number of simulations ran through: 200, Simulation duration (seconds): 10.0

Ellapsed time for batch:[1.698 1.505 1.542 1.464 1.574 1.54  1.531 1.548 1.621 1.525 1.491 1.503
 1.501 1.491 1.508 1.505 1.499 1.515 1.513 1.502 1.509 1.512 1.534 1.516
 1.506 1.527 1.494 1.546 1.537 1.498 1.517 1.5   1.502 1.559 1.49  1.532
 1.505 1.516 1.497 1.509 1.526 1.533 1.527 1.501 1.534 1.517 1.501 1.523
 1.495 1.53  1.466 1.515 1.5   1.505 1.512 1.527 1.508 1.485 1.511 1.524
 1.513 1.518 1.511 1.495 1.507 1.503 1.529 1.549 1.497 1.469 1.538 1.528
 1.508 1.507 1.514 1.501 1.505 1.488 1.504 1.53  1.49  1.486 1.486 1.519
 1.508 1.487 1.448 1.492 1.468 1.461 1.465 1.471 1.425 1.423 1.491 1.444
 1.523 1.476 1.499 1.481 1.511 1.506 1.519 1.492 1.496 1.495 1.514 1.507
 1.49  1.507 1.487 1.5   1.472 1.5   1.489 1.49  1.469 1.511 1.494 1.516
 1.469 1.491 1.506 1.516 1.507 1.5   1.486 1.507 1.523 1.452 1.487 1.496
 1.507 1.518 1.517 1.474 1.5   1.485 1.494 1.517 1.503 1.498 1.485 1.484
 1.514 1.483 1.477 1.518 1.539 1.526 1.523 1.481 1.518 1.481 1.526 1.473
 1.489 1.512 1.519 1.511 1.513 1.509 1.508 1.465 1.517 1.586 1.491 1.509
 1.535 1.527 1.502 1.517 1.5   1.51  1.486 1.495 1.533 1.494 1.496 1.473
 1.505 1.496 1.53  1.499 1.484 1.489 1.502 1.544 1.486 1.504 1.502 1.48
 1.47  1.537 1.478 1.509 1.486 1.5   1.49  1.51 ]
Summed runtime used in prediction module: [1.632 1.456 1.49  1.422 1.521 1.491 1.487 1.505 1.57  1.477 1.451 1.456
 1.454 1.452 1.468 1.468 1.456 1.471 1.465 1.457 1.459 1.461 1.487 1.472
 1.465 1.482 1.449 1.505 1.488 1.455 1.474 1.453 1.457 1.512 1.44  1.481
 1.457 1.467 1.448 1.465 1.483 1.483 1.484 1.461 1.493 1.468 1.465 1.476
 1.452 1.489 1.42  1.469 1.434 1.461 1.471 1.481 1.463 1.434 1.465 1.487
 1.465 1.475 1.46  1.454 1.461 1.462 1.483 1.51  1.455 1.426 1.494 1.48
 1.459 1.458 1.47  1.453 1.464 1.444 1.456 1.489 1.442 1.444 1.438 1.471
 1.457 1.441 1.4   1.446 1.422 1.419 1.422 1.422 1.384 1.375 1.451 1.401
 1.48  1.431 1.451 1.435 1.469 1.462 1.473 1.451 1.454 1.451 1.465 1.461
 1.449 1.459 1.444 1.463 1.417 1.456 1.45  1.448 1.43  1.46  1.444 1.473
 1.426 1.449 1.46  1.474 1.465 1.456 1.437 1.468 1.475 1.404 1.438 1.454
 1.464 1.47  1.47  1.428 1.45  1.438 1.451 1.47  1.458 1.454 1.434 1.433
 1.471 1.434 1.428 1.472 1.493 1.478 1.477 1.435 1.474 1.439 1.485 1.428
 1.447 1.467 1.475 1.463 1.467 1.467 1.46  1.417 1.464 1.543 1.45  1.462
 1.49  1.488 1.461 1.467 1.454 1.467 1.44  1.457 1.49  1.449 1.456 1.43
 1.456 1.457 1.49  1.457 1.439 1.45  1.453 1.503 1.444 1.462 1.458 1.432
 1.423 1.486 1.438 1.465 1.446 1.453 1.445 1.464]seconds
Portion of runtime prediction module occupies: [96.066 96.75  96.64  97.139 96.645 96.796 97.131 97.227 96.867 96.86
 97.317 96.839 96.882 97.375 97.351 97.54  97.136 97.097 96.824 97.003
 96.719 96.643 96.944 97.107 97.279 97.057 96.989 97.348 96.813 97.128
 97.161 96.898 97.005 96.969 96.618 96.685 96.8   96.719 96.733 97.084
 97.182 96.725 97.199 97.337 97.349 96.781 97.572 96.921 97.102 97.325
 96.893 96.973 95.554 97.09  97.254 96.989 97.028 96.573 96.994 97.574
 96.821 97.137 96.578 97.259 96.97  97.27  96.998 97.48  97.196 97.079
 97.144 96.868 96.756 96.748 97.101 96.816 97.272 97.05  96.825 97.316
 96.786 97.179 96.771 96.786 96.639 96.916 96.696 96.927 96.876 97.132
 97.071 96.677 97.13  96.634 97.325 97.084 97.168 96.955 96.806 96.9
 97.226 97.028 96.975 97.266 97.196 97.063 96.77  96.957 97.193 96.817
 97.117 97.529 96.27  97.058 97.388 97.193 97.349 96.636 96.66  97.17
 97.117 97.149 96.997 97.231 97.207 97.052 96.716 97.416 96.847 96.699
 96.712 97.193 97.12  96.839 96.842 96.882 96.677 96.802 97.141 96.879
 97.007 97.067 96.579 96.563 97.103 96.686 96.686 96.914 96.957 96.861
 97.03  96.896 97.113 97.171 97.34  96.957 97.186 97.044 97.138 96.835
 96.964 97.224 96.819 96.732 96.51  97.348 97.262 96.897 97.08  97.449
 97.275 96.701 96.923 97.15  96.846 97.46  97.203 96.995 97.332 97.079
 96.698 97.398 97.387 97.14  96.97  97.383 96.783 97.327 97.119 97.217
 97.072 96.766 96.808 96.694 97.234 97.093 97.309 96.872 96.983 96.975]%
Summed runtime used in estimation module: [0.016 0.016 0.016 0.013 0.016 0.018 0.01  0.014 0.015 0.014 0.014 0.015
 0.016 0.011 0.013 0.013 0.013 0.014 0.015 0.013 0.014 0.014 0.014 0.014
 0.014 0.013 0.012 0.014 0.015 0.014 0.012 0.015 0.012 0.014 0.015 0.016
 0.014 0.015 0.015 0.014 0.013 0.011 0.014 0.015 0.012 0.015 0.012 0.013
 0.011 0.015 0.014 0.012 0.016 0.012 0.013 0.014 0.014 0.016 0.014 0.011
 0.016 0.015 0.015 0.013 0.012 0.014 0.013 0.013 0.014 0.011 0.014 0.015
 0.015 0.012 0.015 0.017 0.014 0.016 0.011 0.011 0.013 0.016 0.014 0.014
 0.014 0.015 0.017 0.014 0.014 0.011 0.014 0.013 0.013 0.014 0.013 0.014
 0.013 0.016 0.014 0.015 0.015 0.014 0.013 0.012 0.016 0.012 0.012 0.016
 0.014 0.013 0.012 0.015 0.017 0.013 0.012 0.012 0.012 0.015 0.016 0.012
 0.013 0.013 0.012 0.013 0.014 0.015 0.013 0.014 0.015 0.014 0.015 0.014
 0.013 0.016 0.015 0.013 0.015 0.015 0.012 0.014 0.013 0.013 0.012 0.017
 0.013 0.015 0.013 0.014 0.014 0.012 0.013 0.013 0.014 0.013 0.011 0.016
 0.013 0.014 0.017 0.014 0.015 0.012 0.015 0.014 0.015 0.015 0.012 0.013
 0.015 0.012 0.014 0.015 0.013 0.012 0.014 0.012 0.013 0.015 0.014 0.014
 0.014 0.013 0.013 0.012 0.015 0.013 0.015 0.014 0.011 0.014 0.013 0.012
 0.014 0.015 0.014 0.014 0.013 0.014 0.014 0.011]seconds
Portion of runtime estimation module occupies: [0.939 1.06  1.033 0.886 1.014 1.197 0.657 0.907 0.924 0.919 0.938 1.003
 1.064 0.751 0.863 0.864 0.873 0.927 0.991 0.872 0.93  0.923 0.914 0.925
 0.929 0.857 0.807 0.908 0.98  0.938 0.801 0.996 0.802 0.867 1.005 1.048
 0.959 0.989 1.001 0.928 0.858 0.728 0.923 0.996 0.784 0.989 0.799 0.855
 0.741 0.979 0.929 0.793 1.079 0.8   0.866 0.923 0.925 1.079 0.927 0.725
 1.059 0.988 0.992 0.875 0.78  0.933 0.85  0.843 0.937 0.75  0.913 0.981
 0.998 0.806 0.988 1.13  0.937 1.074 0.728 0.722 0.873 1.078 0.946 0.925
 0.93  1.006 1.171 0.936 0.95  0.751 0.955 0.881 0.91  0.981 0.869 0.986
 0.87  1.081 0.932 1.011 0.996 0.925 0.856 0.804 1.074 0.804 0.795 1.057
 0.939 0.866 0.808 0.999 1.151 0.882 0.805 0.803 0.82  0.994 1.07  0.792
 0.883 0.874 0.799 0.859 0.936 0.999 0.876 0.927 0.99  0.966 1.009 0.942
 0.865 1.054 0.987 0.881 0.999 0.988 0.792 0.925 0.867 0.868 0.808 1.145
 0.862 1.017 0.885 0.924 0.91  0.791 0.853 0.876 0.92  0.882 0.721 1.083
 0.876 0.91  1.122 0.924 0.991 0.793 0.998 0.955 0.987 0.948 0.805 0.863
 0.976 0.786 0.93  1.    0.892 0.801 0.943 0.802 0.848 1.002 0.935 0.951
 0.919 0.874 0.856 0.802 1.01  0.877 0.986 0.909 0.74  0.934 0.87  0.813
 0.952 0.973 0.952 0.928 0.878 0.932 0.94  0.731]%

Average time for batch elapsed: 1.505seconds
Average runtime for prediction module: 1.46, where average occupies =97.01% relative to total time
Average runtime for estimation module: 0.014, where average occupies =0.93% relative to total time

Ellapsed time for sequential:[1.502 1.479 1.521 1.471 1.534 1.491 1.493 1.506 1.505 1.495 1.485 1.481
 1.493 1.504 1.489 1.504 1.504 1.504 1.477 1.489 1.469 1.518 1.469 1.511
 1.477 1.468 1.529 1.487 1.507 1.467 1.478 1.483 1.525 1.487 1.491 1.496
 1.52  1.462 1.541 1.489 1.522 1.499 1.488 1.56  1.469 1.468 1.462 1.469
 1.51  1.506 1.506 1.475 1.492 1.511 1.493 1.537 1.465 1.502 1.474 1.502
 1.466 1.531 1.511 1.501 1.466 1.505 1.523 1.508 1.498 1.507 1.46  1.515
 1.486 1.499 1.478 1.477 1.483 1.482 1.489 1.498 1.476 1.477 1.48  1.471
 1.519 1.503 1.511 1.464 1.511 1.502 1.505 1.484 1.495 1.466 1.495 1.507
 1.501 1.451 1.494 1.515 1.473 1.488 1.465 1.49  1.487 1.529 1.471 1.525
 1.479 1.5   1.484 1.516 1.51  1.489 1.48  1.494 1.449 1.514 1.498 1.483
 1.472 1.476 1.5   1.473 1.565 1.485 1.471 1.456 1.494 1.478 1.476 1.462
 1.502 1.518 1.498 1.496 1.488 1.485 1.474 1.5   1.454 1.479 1.481 1.478
 1.436 1.485 1.485 1.513 1.488 1.476 1.482 1.482 1.462 1.499 1.466 1.505
 1.451 1.475 1.458 1.486 1.504 1.478 1.496 1.454 1.499 1.464 1.505 1.484
 1.486 1.482 1.512 1.497 1.471 1.498 1.474 1.466 1.499 1.479 1.457 1.482
 1.515 1.497 1.466 1.487 1.46  1.476 1.476 1.502 1.478 1.485 1.486 1.478
 1.496 1.482 1.467 1.503 1.495 1.497 1.517 1.479]
Summed runtime used in prediction module: [1.459 1.424 1.48  1.428 1.491 1.446 1.45  1.462 1.457 1.455 1.444 1.433
 1.446 1.456 1.444 1.461 1.458 1.453 1.43  1.447 1.423 1.473 1.426 1.462
 1.429 1.423 1.492 1.436 1.459 1.425 1.436 1.437 1.476 1.444 1.451 1.45
 1.48  1.415 1.5   1.44  1.482 1.452 1.44  1.513 1.421 1.42  1.419 1.426
 1.465 1.463 1.463 1.434 1.443 1.472 1.452 1.496 1.42  1.454 1.43  1.458
 1.42  1.484 1.47  1.453 1.421 1.452 1.473 1.46  1.456 1.463 1.404 1.454
 1.432 1.453 1.433 1.434 1.438 1.441 1.442 1.452 1.426 1.419 1.432 1.421
 1.474 1.458 1.469 1.426 1.45  1.458 1.457 1.435 1.436 1.415 1.454 1.465
 1.456 1.41  1.446 1.47  1.429 1.441 1.423 1.454 1.439 1.487 1.432 1.472
 1.434 1.454 1.442 1.476 1.466 1.441 1.429 1.456 1.403 1.469 1.434 1.444
 1.427 1.431 1.454 1.428 1.52  1.443 1.426 1.412 1.449 1.435 1.434 1.42
 1.457 1.475 1.453 1.458 1.439 1.438 1.432 1.455 1.414 1.428 1.433 1.438
 1.392 1.435 1.443 1.465 1.447 1.433 1.439 1.441 1.415 1.454 1.423 1.46
 1.404 1.438 1.412 1.439 1.461 1.431 1.461 1.412 1.454 1.422 1.464 1.439
 1.447 1.437 1.469 1.453 1.424 1.457 1.424 1.426 1.45  1.431 1.413 1.435
 1.469 1.452 1.425 1.44  1.42  1.428 1.435 1.452 1.433 1.44  1.444 1.434
 1.449 1.439 1.421 1.46  1.452 1.449 1.474 1.434]seconds
Portion of runtime prediction module occupies: [97.11  96.235 97.309 97.062 97.202 96.985 97.125 97.086 96.813 97.326
 97.246 96.779 96.839 96.794 96.957 97.122 96.916 96.57  96.819 97.193
 96.876 97.028 97.072 96.763 96.756 96.937 97.581 96.578 96.763 97.135
 97.101 96.908 96.795 97.112 97.319 96.938 97.373 96.769 97.282 96.716
 97.369 96.873 96.782 96.999 96.698 96.738 97.059 97.075 97.025 97.087
 97.154 97.212 96.721 97.42  97.238 97.389 96.94  96.808 97.017 97.044
 96.822 96.935 97.285 96.809 96.932 96.456 96.736 96.825 97.202 97.082
 96.108 95.974 96.374 96.937 96.897 97.093 96.957 97.202 96.846 96.911
 96.562 96.036 96.786 96.606 97.044 97.018 97.227 97.435 95.992 97.074
 96.812 96.695 96.09  96.528 97.259 97.217 96.945 97.184 96.796 97.006
 96.984 96.86  97.176 97.555 96.819 97.252 97.316 96.565 96.974 96.938
 97.172 97.359 97.098 96.807 96.596 97.455 96.836 97.035 95.746 97.374
 96.918 96.984 96.946 96.954 97.121 97.178 96.952 96.941 96.989 97.047
 97.154 97.128 97.01  97.17  96.932 97.462 96.715 96.842 97.093 97.013
 97.257 96.57  96.764 97.301 96.872 96.636 97.17  96.84  97.243 97.092
 97.09  97.229 96.794 97.014 97.051 97.002 96.775 97.432 96.852 96.788
 97.145 96.833 97.658 97.111 96.997 97.112 97.278 96.906 97.386 96.976
 97.155 97.001 96.768 97.267 96.618 97.286 96.742 96.761 96.98  96.794
 96.93  97.004 97.205 96.844 97.245 96.691 97.192 96.693 96.963 96.983
 97.181 97.018 96.801 97.106 96.868 97.146 97.128 96.801 97.131 96.945]%
Summed runtime used in estimation module: [0.013 0.023 0.013 0.01  0.014 0.015 0.013 0.013 0.014 0.011 0.013 0.009
 0.014 0.013 0.015 0.014 0.014 0.012 0.011 0.012 0.01  0.015 0.013 0.013
 0.014 0.012 0.01  0.015 0.015 0.012 0.012 0.015 0.014 0.014 0.012 0.012
 0.012 0.012 0.012 0.015 0.012 0.016 0.014 0.016 0.014 0.013 0.014 0.014
 0.015 0.012 0.015 0.013 0.016 0.015 0.012 0.013 0.014 0.013 0.011 0.012
 0.013 0.012 0.01  0.013 0.014 0.024 0.014 0.012 0.013 0.013 0.026 0.01
 0.017 0.015 0.013 0.013 0.015 0.014 0.013 0.014 0.016 0.012 0.017 0.017
 0.013 0.014 0.014 0.011 0.028 0.013 0.014 0.013 0.025 0.015 0.012 0.012
 0.014 0.011 0.015 0.017 0.014 0.014 0.013 0.011 0.014 0.013 0.011 0.013
 0.014 0.011 0.011 0.013 0.015 0.013 0.014 0.011 0.013 0.015 0.015 0.012
 0.013 0.014 0.014 0.015 0.013 0.013 0.013 0.015 0.013 0.012 0.013 0.011
 0.013 0.016 0.016 0.014 0.013 0.015 0.014 0.015 0.015 0.014 0.015 0.014
 0.016 0.014 0.013 0.014 0.011 0.014 0.013 0.012 0.013 0.014 0.01  0.014
 0.015 0.015 0.013 0.014 0.013 0.015 0.012 0.014 0.016 0.016 0.013 0.014
 0.013 0.013 0.013 0.015 0.013 0.013 0.013 0.012 0.015 0.013 0.013 0.014
 0.017 0.016 0.013 0.015 0.012 0.015 0.015 0.018 0.014 0.014 0.013 0.015
 0.014 0.016 0.012 0.014 0.014 0.014 0.013 0.014]seconds
Portion of runtime estimation module occupies: [0.864 1.535 0.859 0.691 0.916 1.005 0.872 0.868 0.934 0.738 0.88  0.635
 0.912 0.864 1.009 0.93  0.93  0.798 0.767 0.805 0.686 0.961 0.882 0.862
 0.945 0.814 0.657 1.01  1.001 0.822 0.811 1.013 0.919 0.946 0.808 0.806
 0.795 0.821 0.782 1.007 0.793 1.065 0.942 1.022 0.952 0.889 0.961 0.954
 0.995 0.796 0.995 0.887 1.072 0.994 0.823 0.851 0.952 0.866 0.751 0.827
 0.899 0.786 0.667 0.865 0.955 1.62  0.92  0.794 0.872 0.864 1.781 0.666
 1.146 0.991 0.882 0.877 1.015 0.941 0.874 0.964 1.079 0.813 1.124 1.154
 0.859 0.927 0.933 0.753 1.833 0.871 0.93  0.88  1.647 1.022 0.807 0.8
 0.931 0.76  1.004 1.122 0.949 0.958 0.886 0.706 0.943 0.859 0.717 0.852
 0.945 0.737 0.745 0.863 0.986 0.88  0.951 0.742 0.924 0.99  0.999 0.813
 0.886 0.983 0.929 1.019 0.831 0.875 0.883 1.006 0.872 0.803 0.882 0.752
 0.869 1.053 1.068 0.94  0.873 1.012 0.952 1.002 1.03  0.944 1.018 0.946
 1.115 0.945 0.881 0.922 0.743 0.948 0.882 0.813 0.891 0.94  0.708 0.937
 1.031 1.015 0.889 0.938 0.864 1.015 0.808 0.966 1.067 1.119 0.869 0.942
 0.868 0.881 0.866 0.997 0.886 0.869 0.882 0.822 1.    0.882 0.896 0.946
 1.12  1.07  0.887 1.012 0.827 1.014 1.017 1.199 0.947 0.942 0.876 1.021
 0.938 1.079 0.822 0.931 0.94  0.937 0.857 0.951]%

Average time for sequential elapsed: 1.49seconds
Average runtime for prediction module: 1.445, where average occupies =96.98% relative to total time
Average runtime for estimation module: 0.014, where average occupies =0.94% relative to total time

Ellapsed time for UDU:[3.57  3.609 3.574 3.587 3.582 3.572 3.599 3.584 3.578 3.576 3.615 3.541
 3.651 3.604 3.57  3.555 3.572 3.586 3.556 3.588 3.595 3.572 3.573 3.59
 3.606 3.606 3.607 3.62  3.575 3.572 3.57  3.607 3.576 3.581 3.61  3.705
 3.591 3.586 3.597 3.601 3.581 3.585 3.618 3.583 3.6   3.586 3.569 3.59
 3.587 3.609 3.579 3.571 3.617 3.574 3.582 3.617 3.661 3.665 3.644 3.693
 3.661 3.651 3.66  3.67  3.659 3.459 3.58  3.88  3.851 3.821 3.744 3.721
 3.726 3.702 3.725 3.737 3.721 3.733 3.723 3.751 3.725 3.713 3.747 3.721
 3.793 3.805 3.8   3.829 3.838 3.842 3.808 3.832 3.806 3.855 3.813 3.807
 3.846 3.814 3.847 3.823 3.713 3.716 3.723 3.741 3.709 3.738 3.708 3.727
 3.701 3.71  3.727 3.733 3.737 3.738 3.703 3.745 3.717 3.736 3.72  3.747
 3.741 3.708 3.729 3.725 3.741 3.729 3.727 3.741 3.726 3.751 3.714 3.797
 3.726 3.696 3.746 3.743 3.739 3.725 3.728 3.761 3.729 3.724 3.721 3.735
 3.7   3.718 3.734 3.747 3.721 3.729 3.737 3.727 3.746 3.723 3.732 3.736
 3.703 3.757 3.725 3.713 3.744 3.83  3.761 3.717 3.705 3.737 3.725 3.735
 3.729 3.717 3.734 3.709 3.733 3.738 3.752 3.712 3.705 3.72  3.72  3.724
 3.713 3.694 3.753 3.716 3.753 3.699 3.722 3.715 3.718 3.737 3.73  3.74
 3.705 3.743 3.722 3.704 3.717 3.719 3.714 3.719]
Summed runtime used in prediction module: [3.353 3.391 3.35  3.388 3.364 3.36  3.384 3.369 3.351 3.35  3.404 3.329
 3.44  3.389 3.353 3.336 3.351 3.364 3.335 3.369 3.381 3.357 3.357 3.371
 3.389 3.392 3.379 3.4   3.359 3.358 3.349 3.389 3.362 3.353 3.386 3.489
 3.376 3.369 3.384 3.388 3.365 3.368 3.39  3.366 3.379 3.371 3.359 3.362
 3.37  3.384 3.363 3.354 3.402 3.358 3.368 3.4   3.456 3.463 3.428 3.49
 3.444 3.44  3.443 3.454 3.453 3.216 3.344 3.644 3.624 3.599 3.514 3.501
 3.511 3.485 3.508 3.507 3.502 3.502 3.5   3.52  3.503 3.494 3.513 3.502
 3.578 3.589 3.591 3.617 3.607 3.615 3.597 3.617 3.59  3.634 3.598 3.598
 3.626 3.606 3.623 3.601 3.485 3.498 3.506 3.52  3.485 3.516 3.489 3.517
 3.48  3.486 3.505 3.515 3.517 3.506 3.471 3.519 3.5   3.518 3.492 3.517
 3.525 3.489 3.518 3.506 3.509 3.505 3.513 3.524 3.506 3.528 3.489 3.577
 3.496 3.485 3.526 3.528 3.517 3.501 3.508 3.539 3.493 3.51  3.502 3.512
 3.477 3.494 3.511 3.521 3.491 3.508 3.515 3.503 3.518 3.506 3.511 3.516
 3.485 3.538 3.488 3.496 3.513 3.608 3.544 3.498 3.485 3.515 3.511 3.518
 3.514 3.494 3.502 3.489 3.508 3.508 3.533 3.482 3.483 3.495 3.492 3.508
 3.494 3.47  3.526 3.501 3.523 3.479 3.493 3.486 3.487 3.514 3.507 3.521
 3.494 3.509 3.503 3.475 3.5   3.5   3.497 3.512]seconds
Portion of runtime prediction module occupies: [93.914 93.958 93.744 94.46  93.897 94.081 94.04  94.005 93.65  93.684
 94.161 93.992 94.218 94.045 93.928 93.833 93.805 93.807 93.793 93.876
 94.043 93.99  93.939 93.891 93.979 94.076 93.684 93.908 93.946 94.005
 93.8   93.965 94.011 93.612 93.794 94.184 94.003 93.939 94.078 94.081
 93.959 93.955 93.685 93.96  93.852 93.992 94.129 93.625 93.948 93.767
 93.974 93.917 94.069 93.97  94.014 94.001 94.4   94.48  94.078 94.504
 94.067 94.214 94.077 94.124 94.375 92.982 93.405 93.911 94.093 94.194
 93.859 94.099 94.23  94.115 94.166 93.836 94.119 93.801 94.018 93.856
 94.032 94.102 93.754 94.124 94.327 94.31  94.497 94.457 93.979 94.11
 94.47  94.391 94.332 94.252 94.357 94.513 94.28  94.533 94.201 94.196
 93.865 94.146 94.178 94.099 93.962 94.058 94.111 94.365 94.033 93.946
 94.058 94.16  94.134 93.785 93.739 93.965 94.167 94.163 93.884 93.876
 94.222 94.087 94.32  94.122 93.787 93.984 94.244 94.222 94.097 94.059
 93.954 94.222 93.821 94.277 94.129 94.26  94.07  94.006 94.097 94.112
 93.677 94.272 94.116 94.035 93.985 93.962 94.027 93.968 93.813 94.082
 94.053 93.975 93.914 94.183 94.081 94.1   94.105 94.167 93.644 94.149
 93.82  94.216 94.224 94.096 94.073 94.061 94.247 94.185 94.222 93.986
 93.78  94.075 93.983 93.825 94.165 93.79  93.99  93.95  93.875 94.189
 94.077 93.947 93.943 94.207 93.875 94.044 93.833 93.845 93.802 94.031
 94.022 94.137 94.312 93.756 94.121 93.805 94.177 94.127 94.138 94.434]%
Summed runtime used in estimation module: [0.184 0.183 0.183 0.167 0.178 0.175 0.183 0.182 0.193 0.183 0.179 0.179
 0.175 0.18  0.179 0.183 0.182 0.181 0.182 0.18  0.181 0.18  0.182 0.183
 0.181 0.18  0.187 0.185 0.18  0.182 0.193 0.188 0.177 0.194 0.189 0.179
 0.185 0.181 0.18  0.182 0.178 0.181 0.188 0.18  0.186 0.182 0.17  0.196
 0.185 0.19  0.18  0.187 0.181 0.18  0.181 0.179 0.177 0.164 0.182 0.176
 0.184 0.175 0.188 0.182 0.175 0.197 0.193 0.196 0.186 0.189 0.184 0.179
 0.182 0.184 0.181 0.19  0.181 0.189 0.187 0.194 0.183 0.186 0.192 0.182
 0.177 0.18  0.177 0.179 0.193 0.188 0.178 0.184 0.18  0.187 0.182 0.179
 0.181 0.178 0.189 0.183 0.193 0.184 0.185 0.187 0.184 0.185 0.182 0.184
 0.183 0.189 0.182 0.18  0.181 0.193 0.185 0.182 0.18  0.182 0.191 0.187
 0.182 0.18  0.182 0.182 0.185 0.183 0.185 0.185 0.182 0.189 0.183 0.182
 0.196 0.178 0.184 0.181 0.18  0.185 0.187 0.185 0.196 0.184 0.182 0.184
 0.181 0.187 0.187 0.185 0.189 0.182 0.183 0.184 0.189 0.185 0.191 0.181
 0.184 0.186 0.204 0.183 0.192 0.181 0.177 0.182 0.182 0.185 0.179 0.185
 0.182 0.185 0.194 0.178 0.184 0.198 0.185 0.191 0.188 0.19  0.192 0.182
 0.18  0.184 0.185 0.181 0.197 0.18  0.195 0.194 0.195 0.183 0.186 0.185
 0.178 0.187 0.181 0.192 0.18  0.182 0.179 0.181]seconds
Portion of runtime estimation module occupies: [5.148 5.072 5.111 4.642 4.962 4.904 5.076 5.081 5.394 5.118 4.954 5.043
 4.782 4.981 5.022 5.134 5.088 5.054 5.105 5.003 5.03  5.036 5.093 5.092
 5.027 4.985 5.196 5.121 5.038 5.081 5.404 5.203 4.943 5.418 5.237 4.833
 5.144 5.037 5.007 5.053 4.984 5.061 5.184 5.013 5.163 5.089 4.754 5.466
 5.149 5.275 5.031 5.24  5.015 5.026 5.048 4.954 4.841 4.474 4.997 4.77
 5.023 4.804 5.14  4.954 4.774 5.708 5.377 5.061 4.819 4.945 4.906 4.818
 4.886 4.971 4.87  5.09  4.872 5.052 5.014 5.17  4.909 5.001 5.124 4.904
 4.661 4.732 4.652 4.682 5.038 4.889 4.667 4.79  4.721 4.844 4.761 4.694
 4.707 4.663 4.903 4.782 5.195 4.961 4.959 4.994 4.967 4.942 4.912 4.945
 4.943 5.1   4.883 4.827 4.851 5.166 5.003 4.856 4.839 4.865 5.136 4.996
 4.856 4.855 4.891 4.886 4.945 4.895 4.952 4.933 4.891 5.044 4.938 4.783
 5.252 4.817 4.924 4.832 4.804 4.976 5.01  4.912 5.243 4.932 4.894 4.938
 4.882 5.022 5.    4.93  5.074 4.886 4.907 4.941 5.044 4.969 5.123 4.841
 4.956 4.941 5.474 4.931 5.115 4.737 4.707 4.891 4.907 4.939 4.818 4.944
 4.892 4.976 5.208 4.807 4.933 5.294 4.924 5.144 5.075 5.12  5.174 4.879
 4.847 4.972 4.931 4.859 5.24  4.855 5.248 5.214 5.233 4.886 4.995 4.933
 4.817 4.985 4.869 5.171 4.851 4.886 4.807 4.855]%

Average time for UDU elapsed: 3.694seconds
Average runtime for prediction module: 3.474, where average occupies =94.044% relative to total time
Average runtime for estimation module: 0.184, where average occupies =4.981% relative to total time


Average Relative speedup of batch vs sequential: 0.997%
Average Relative speedup of pred module in batch vs sequential: 1.027%
Average Relative speedup of est module in batch vs sequential: 0.0%


Average Relative speedup of batch vs UDU-sequential: -145.449%
Average Relative speedup of pred module in batch vs UDU-sequential: -137.945%
Average Relative speedup of est module in batch vs UDU-sequential: -1214.286%


Average Relative speedup of sequential vs UDU-sequential: -147.919%
Average Relative speedup of pred module in sequential vs UDU-sequential: -140.415%
Average Relative speedup of est module in sequential vs UDU-sequential: -1214.286%
 --------------------------------------------------------- 

Number of beacons used: 15, Number of simulations ran through: 200, Simulation duration (seconds): 50.0

Ellapsed time for batch:[7.355 7.414 7.461 7.346 7.39  7.407 7.408 7.412 7.371 7.391 7.496 7.44
 7.469 7.456 7.442 7.432 7.448 7.413 7.411 7.38  7.372 7.361 7.425 7.356
 7.345 7.361 7.385 7.456 7.372 7.415 7.453 7.39  7.384 7.355 7.406 7.455
 7.372 7.329 7.362 7.402 7.372 7.323 7.264 7.342 7.304 7.375 7.393 7.435
 7.391 7.41  7.348 7.459 7.408 7.334 7.382 7.426 7.351 7.458 7.391 7.416
 7.38  7.39  7.386 7.436 7.467 7.454 7.354 7.454 7.387 7.42  7.451 7.312
 7.352 7.307 7.369 7.392 7.311 7.379 7.382 7.302 7.295 7.369 7.378 7.333
 7.429 7.384 7.369 7.32  7.387 7.372 7.361 7.393 7.423 7.355 7.445 7.416
 7.386 7.365 7.406 7.375 7.388 7.317 7.371 7.37  7.381 7.352 7.367 7.371
 7.356 7.378 7.426 7.365 7.395 7.391 7.346 7.364 7.324 7.326 7.316 7.352
 7.334 7.398 7.376 7.387 7.383 7.367 7.377 7.329 7.367 7.328 7.366 7.383
 7.413 7.359 7.306 7.299 7.44  7.362 7.277 7.406 7.33  7.416 7.398 7.361
 7.379 7.275 7.388 7.307 7.337 7.357 7.398 7.374 7.355 7.345 7.466 7.429
 7.335 7.412 7.373 7.371 7.31  7.409 7.375 7.37  7.299 7.403 7.298 7.32
 7.337 7.401 7.406 7.399 7.384 7.426 7.441 7.393 7.315 7.359 7.446 7.406
 7.348 7.414 7.389 7.348 7.429 7.33  7.31  7.409 7.403 7.357 7.422 7.407
 7.394 7.384 7.4   7.308 7.335 7.334 7.338 7.384]
Summed runtime used in prediction module: [7.202 7.239 7.305 7.186 7.229 7.254 7.245 7.252 7.213 7.235 7.346 7.276
 7.309 7.284 7.29  7.278 7.295 7.255 7.249 7.222 7.207 7.209 7.276 7.196
 7.191 7.196 7.238 7.285 7.22  7.252 7.29  7.223 7.219 7.193 7.234 7.285
 7.219 7.162 7.2   7.247 7.205 7.157 7.111 7.137 7.148 7.214 7.234 7.277
 7.226 7.249 7.188 7.302 7.254 7.181 7.225 7.273 7.194 7.307 7.246 7.256
 7.222 7.232 7.217 7.262 7.288 7.276 7.173 7.297 7.221 7.268 7.283 7.163
 7.193 7.146 7.212 7.231 7.157 7.225 7.228 7.158 7.138 7.215 7.227 7.175
 7.272 7.215 7.212 7.157 7.234 7.216 7.198 7.235 7.266 7.192 7.295 7.251
 7.217 7.203 7.244 7.226 7.222 7.15  7.223 7.194 7.228 7.187 7.214 7.213
 7.191 7.22  7.267 7.216 7.226 7.233 7.183 7.194 7.161 7.168 7.159 7.192
 7.165 7.238 7.223 7.224 7.222 7.216 7.216 7.179 7.188 7.176 7.205 7.227
 7.265 7.204 7.135 7.127 7.29  7.192 7.115 7.234 7.182 7.244 7.235 7.207
 7.21  7.11  7.22  7.136 7.167 7.181 7.236 7.215 7.203 7.183 7.309 7.284
 7.172 7.25  7.214 7.214 7.152 7.249 7.209 7.21  7.142 7.248 7.131 7.166
 7.182 7.241 7.259 7.223 7.214 7.267 7.285 7.241 7.149 7.192 7.291 7.244
 7.181 7.243 7.233 7.192 7.264 7.189 7.144 7.25  7.236 7.203 7.263 7.24
 7.237 7.218 7.24  7.157 7.172 7.175 7.185 7.236]seconds
Portion of runtime prediction module occupies: [97.923 97.643 97.921 97.817 97.812 97.929 97.796 97.832 97.853 97.878
 97.999 97.804 97.857 97.695 97.951 97.928 97.945 97.876 97.811 97.853
 97.765 97.933 97.995 97.818 97.906 97.764 97.997 97.707 97.94  97.8
 97.813 97.735 97.765 97.807 97.678 97.724 97.927 97.719 97.8   97.901
 97.73  97.735 97.895 97.2   97.865 97.827 97.844 97.881 97.764 97.831
 97.817 97.9   97.918 97.911 97.876 97.937 97.868 97.964 98.04  97.839
 97.86  97.858 97.708 97.653 97.604 97.608 97.537 97.895 97.757 97.951
 97.75  97.965 97.834 97.793 97.874 97.82  97.886 97.912 97.916 98.036
 97.849 97.898 97.94  97.849 97.89  97.718 97.865 97.763 97.932 97.883
 97.791 97.859 97.879 97.788 97.989 97.768 97.709 97.793 97.818 97.984
 97.757 97.709 97.983 97.616 97.928 97.755 97.927 97.856 97.762 97.852
 97.861 97.971 97.714 97.859 97.774 97.702 97.772 97.845 97.853 97.816
 97.698 97.834 97.916 97.797 97.83  97.944 97.819 97.957 97.572 97.928
 97.805 97.884 98.004 97.899 97.664 97.646 97.986 97.689 97.774 97.682
 97.982 97.685 97.795 97.915 97.707 97.736 97.731 97.652 97.676 97.602
 97.803 97.846 97.939 97.798 97.885 98.047 97.772 97.817 97.849 97.862
 97.829 97.848 97.753 97.833 97.854 97.909 97.716 97.904 97.88  97.84
 98.007 97.622 97.686 97.857 97.903 97.949 97.731 97.737 97.92  97.814
 97.724 97.685 97.894 97.873 97.774 98.078 97.738 97.858 97.74  97.897
 97.859 97.738 97.867 97.752 97.84  97.938 97.782 97.837 97.92  97.989]%
Summed runtime used in estimation module: [0.065 0.076 0.066 0.073 0.07  0.077 0.066 0.071 0.069 0.068 0.068 0.065
 0.068 0.066 0.066 0.062 0.071 0.068 0.069 0.068 0.075 0.062 0.069 0.072
 0.07  0.063 0.063 0.065 0.068 0.066 0.071 0.075 0.08  0.072 0.077 0.07
 0.061 0.07  0.067 0.061 0.067 0.07  0.068 0.108 0.063 0.073 0.066 0.064
 0.077 0.073 0.066 0.068 0.066 0.071 0.062 0.069 0.07  0.062 0.065 0.07
 0.066 0.067 0.078 0.072 0.081 0.068 0.065 0.066 0.07  0.066 0.07  0.067
 0.074 0.074 0.069 0.075 0.066 0.069 0.07  0.064 0.069 0.066 0.064 0.069
 0.067 0.068 0.07  0.072 0.062 0.068 0.076 0.072 0.071 0.073 0.068 0.07
 0.073 0.065 0.068 0.066 0.07  0.071 0.063 0.074 0.068 0.073 0.065 0.067
 0.071 0.069 0.072 0.07  0.075 0.072 0.069 0.068 0.075 0.072 0.066 0.069
 0.074 0.072 0.066 0.067 0.068 0.066 0.072 0.069 0.069 0.066 0.07  0.067
 0.064 0.066 0.072 0.073 0.068 0.074 0.065 0.078 0.069 0.074 0.068 0.068
 0.072 0.064 0.071 0.071 0.074 0.075 0.073 0.065 0.071 0.071 0.064 0.062
 0.07  0.07  0.07  0.07  0.064 0.073 0.074 0.066 0.066 0.066 0.067 0.072
 0.068 0.071 0.065 0.071 0.073 0.066 0.072 0.068 0.068 0.071 0.066 0.07
 0.073 0.07  0.068 0.072 0.074 0.069 0.075 0.069 0.071 0.07  0.068 0.076
 0.068 0.066 0.072 0.072 0.071 0.068 0.067 0.068]seconds
Portion of runtime estimation module occupies: [0.884 1.031 0.89  0.994 0.95  1.035 0.891 0.958 0.936 0.923 0.909 0.871
 0.916 0.886 0.889 0.835 0.953 0.914 0.938 0.918 1.018 0.847 0.931 0.974
 0.955 0.854 0.853 0.875 0.924 0.892 0.955 1.011 1.088 0.978 1.044 0.935
 0.828 0.956 0.912 0.821 0.906 0.958 0.937 1.473 0.862 0.986 0.897 0.865
 1.045 0.984 0.902 0.914 0.894 0.962 0.835 0.923 0.953 0.831 0.883 0.944
 0.897 0.904 1.052 0.968 1.089 0.916 0.89  0.888 0.948 0.895 0.94  0.918
 1.012 1.007 0.937 1.01  0.901 0.936 0.95  0.88  0.948 0.897 0.87  0.941
 0.903 0.922 0.955 0.984 0.839 0.921 1.033 0.968 0.957 0.993 0.913 0.944
 0.995 0.887 0.919 0.897 0.951 0.969 0.856 1.006 0.922 0.993 0.883 0.914
 0.965 0.936 0.972 0.947 1.015 0.976 0.939 0.925 1.023 0.981 0.903 0.939
 1.01  0.974 0.894 0.907 0.917 0.901 0.974 0.94  0.943 0.903 0.95  0.914
 0.867 0.898 0.985 1.007 0.914 0.998 0.894 1.052 0.942 0.997 0.919 0.922
 0.978 0.881 0.961 0.975 1.01  1.015 0.987 0.884 0.968 0.968 0.861 0.838
 0.954 0.946 0.951 0.949 0.875 0.985 1.005 0.897 0.906 0.89  0.919 0.986
 0.928 0.958 0.879 0.954 0.989 0.888 0.971 0.919 0.929 0.965 0.888 0.947
 0.993 0.944 0.92  0.973 0.991 0.944 1.025 0.934 0.958 0.951 0.918 1.025
 0.92  0.888 0.974 0.985 0.97  0.928 0.915 0.922]%

Average time for batch elapsed: 7.379seconds
Average runtime for prediction module: 7.219, where average occupies =97.832% relative to total time
Average runtime for estimation module: 0.069, where average occupies =0.935% relative to total time

Ellapsed time for sequential:[7.371 7.318 7.378 7.43  7.318 7.36  7.347 7.35  7.291 7.326 7.397 7.288
 7.392 7.425 7.298 7.294 7.277 7.347 7.369 7.323 7.416 7.331 7.431 7.267
 7.354 7.378 7.353 7.392 7.397 7.339 7.32  7.326 7.342 7.342 7.339 7.422
 7.388 7.325 7.401 7.388 7.394 7.405 7.368 7.357 7.368 7.372 7.39  7.396
 7.409 7.397 7.301 7.358 7.335 7.4   7.41  7.371 7.366 7.409 7.312 7.287
 7.358 7.388 7.399 7.39  7.404 7.422 7.344 7.443 7.425 7.372 7.366 7.347
 7.332 7.313 7.361 7.372 7.337 7.344 7.383 7.374 7.316 7.317 7.372 7.358
 7.38  7.373 7.394 7.395 7.307 7.4   7.312 7.342 7.344 7.342 7.334 7.382
 7.414 7.365 7.306 7.41  7.366 7.361 7.401 7.404 7.358 7.356 7.319 7.369
 7.361 7.388 7.315 7.307 7.392 7.359 7.376 7.295 7.383 7.358 7.344 7.359
 7.33  7.333 7.36  7.299 7.318 7.419 7.345 7.36  7.356 7.295 7.338 7.3
 7.328 7.341 7.335 7.415 7.401 7.4   7.315 7.368 7.393 7.374 7.323 7.317
 7.341 7.373 7.305 7.362 7.372 7.341 7.345 7.315 7.343 7.35  7.306 7.311
 7.364 7.405 7.391 7.346 7.395 7.332 7.372 7.428 7.374 7.329 7.416 7.361
 7.356 7.396 7.272 7.337 7.381 7.353 7.39  7.329 7.34  7.455 7.364 7.357
 7.354 7.336 7.363 7.349 7.344 7.313 7.418 7.303 7.339 7.299 7.332 7.369
 7.394 7.387 7.356 7.34  7.393 7.394 7.449 7.324]
Summed runtime used in prediction module: [7.203 7.169 7.212 7.28  7.175 7.197 7.182 7.191 7.141 7.178 7.21  7.134
 7.248 7.261 7.141 7.124 7.124 7.194 7.213 7.167 7.254 7.178 7.27  7.12
 7.197 7.198 7.203 7.243 7.244 7.18  7.177 7.189 7.188 7.176 7.177 7.272
 7.237 7.155 7.248 7.248 7.245 7.259 7.214 7.198 7.221 7.22  7.229 7.239
 7.255 7.244 7.133 7.202 7.185 7.25  7.249 7.22  7.195 7.242 7.138 7.133
 7.199 7.209 7.232 7.235 7.251 7.279 7.183 7.267 7.274 7.227 7.214 7.183
 7.191 7.162 7.217 7.215 7.194 7.197 7.215 7.228 7.167 7.142 7.212 7.202
 7.232 7.206 7.237 7.227 7.14  7.243 7.155 7.177 7.185 7.198 7.193 7.241
 7.263 7.195 7.136 7.254 7.222 7.204 7.261 7.24  7.21  7.207 7.183 7.211
 7.207 7.223 7.17  7.151 7.25  7.208 7.212 7.15  7.21  7.202 7.199 7.215
 7.175 7.185 7.221 7.14  7.159 7.235 7.191 7.205 7.185 7.137 7.18  7.147
 7.188 7.171 7.192 7.272 7.249 7.236 7.134 7.202 7.241 7.218 7.159 7.158
 7.168 7.228 7.147 7.211 7.201 7.183 7.198 7.132 7.195 7.194 7.127 7.133
 7.213 7.245 7.23  7.19  7.244 7.166 7.224 7.276 7.225 7.169 7.239 7.188
 7.201 7.257 7.122 7.181 7.222 7.204 7.231 7.172 7.188 7.29  7.206 7.203
 7.204 7.168 7.212 7.195 7.186 7.172 7.267 7.142 7.184 7.136 7.19  7.217
 7.222 7.231 7.195 7.199 7.222 7.237 7.29  7.166]seconds
Portion of runtime prediction module occupies: [97.717 97.966 97.752 97.974 98.049 97.775 97.747 97.826 97.934 97.984
 97.47  97.879 98.051 97.793 97.853 97.668 97.906 97.914 97.875 97.865
 97.822 97.903 97.839 97.966 97.868 97.562 97.963 97.991 97.919 97.83
 98.049 98.131 97.905 97.738 97.796 97.981 97.95  97.672 97.923 98.094
 97.982 98.027 97.91  97.847 98.004 97.939 97.818 97.88  97.922 97.936
 97.697 97.889 97.957 97.983 97.825 97.955 97.68  97.746 97.621 97.879
 97.844 97.578 97.732 97.907 97.931 98.074 97.8   97.634 97.959 98.04
 97.937 97.779 98.073 97.937 98.044 97.874 98.048 97.993 97.722 98.012
 97.951 97.611 97.837 97.876 97.999 97.74  97.868 97.734 97.725 97.887
 97.844 97.758 97.837 98.031 98.067 98.091 97.951 97.686 97.676 97.901
 98.045 97.873 98.098 97.787 97.992 97.983 98.138 97.848 97.908 97.771
 98.025 97.863 98.071 97.952 97.775 98.02  97.658 97.885 98.023 98.034
 97.886 97.975 98.114 97.815 97.82  97.523 97.908 97.898 97.674 97.839
 97.846 97.909 98.084 97.686 98.05  98.071 97.937 97.79  97.53  97.759
 97.951 97.893 97.767 97.818 97.642 98.034 97.832 97.948 97.687 97.849
 98.003 97.493 97.977 97.875 97.558 97.561 97.947 97.838 97.827 97.878
 97.955 97.74  97.998 97.96  97.981 97.82  97.618 97.647 97.89  98.11
 97.928 97.874 97.85  97.981 97.851 97.856 97.94  97.788 97.857 97.899
 97.955 97.706 97.944 97.896 97.853 98.066 97.962 97.795 97.89  97.777
 98.065 97.944 97.682 97.887 97.815 98.087 97.684 97.876 97.867 97.844]%
Summed runtime used in estimation module: [0.071 0.065 0.065 0.066 0.062 0.066 0.068 0.066 0.067 0.061 0.071 0.07
 0.061 0.074 0.065 0.066 0.066 0.064 0.067 0.079 0.059 0.066 0.068 0.069
 0.066 0.094 0.069 0.074 0.069 0.063 0.067 0.062 0.068 0.066 0.066 0.065
 0.055 0.085 0.065 0.065 0.068 0.066 0.064 0.06  0.066 0.061 0.071 0.065
 0.067 0.069 0.069 0.067 0.065 0.07  0.074 0.059 0.07  0.079 0.068 0.065
 0.067 0.069 0.068 0.074 0.067 0.065 0.081 0.079 0.07  0.061 0.066 0.069
 0.068 0.068 0.064 0.069 0.061 0.064 0.071 0.061 0.065 0.077 0.066 0.074
 0.071 0.069 0.063 0.063 0.083 0.075 0.067 0.071 0.074 0.065 0.057 0.059
 0.066 0.074 0.059 0.076 0.062 0.065 0.056 0.059 0.066 0.065 0.059 0.068
 0.07  0.063 0.064 0.076 0.057 0.065 0.066 0.062 0.073 0.058 0.062 0.064
 0.074 0.063 0.061 0.062 0.075 0.073 0.064 0.069 0.085 0.067 0.065 0.067
 0.06  0.068 0.063 0.059 0.07  0.068 0.066 0.068 0.065 0.064 0.075 0.067
 0.079 0.063 0.067 0.068 0.068 0.08  0.062 0.083 0.061 0.062 0.078 0.084
 0.065 0.073 0.065 0.067 0.06  0.067 0.067 0.07  0.067 0.074 0.078 0.079
 0.076 0.062 0.07  0.061 0.066 0.058 0.067 0.065 0.07  0.062 0.064 0.072
 0.066 0.082 0.06  0.072 0.059 0.07  0.058 0.073 0.072 0.077 0.062 0.063
 0.08  0.068 0.062 0.063 0.063 0.07  0.065 0.06 ]seconds
Portion of runtime estimation module occupies: [0.961 0.888 0.884 0.889 0.85  0.897 0.925 0.898 0.919 0.833 0.956 0.955
 0.821 0.998 0.891 0.902 0.907 0.872 0.905 1.075 0.799 0.901 0.916 0.952
 0.9   1.271 0.939 0.999 0.936 0.86  0.916 0.849 0.927 0.902 0.906 0.879
 0.744 1.158 0.881 0.886 0.914 0.885 0.875 0.817 0.899 0.831 0.962 0.88
 0.91  0.933 0.939 0.906 0.888 0.95  0.993 0.803 0.95  1.061 0.934 0.891
 0.906 0.932 0.919 1.005 0.91  0.875 1.099 1.059 0.937 0.825 0.898 0.935
 0.932 0.93  0.872 0.934 0.835 0.878 0.962 0.827 0.89  1.052 0.9   1.003
 0.967 0.936 0.855 0.856 1.132 1.01  0.916 0.97  1.014 0.885 0.782 0.802
 0.887 1.002 0.811 1.021 0.845 0.886 0.759 0.799 0.898 0.89  0.804 0.925
 0.946 0.858 0.878 1.047 0.765 0.882 0.89  0.85  0.982 0.791 0.844 0.871
 1.013 0.862 0.835 0.849 1.023 0.983 0.873 0.937 1.161 0.919 0.879 0.917
 0.817 0.921 0.86  0.797 0.949 0.917 0.908 0.927 0.882 0.87  1.025 0.921
 1.073 0.857 0.922 0.924 0.92  1.089 0.847 1.131 0.833 0.838 1.065 1.143
 0.886 0.992 0.879 0.913 0.814 0.915 0.907 0.941 0.912 1.012 1.05  1.079
 1.028 0.841 0.962 0.834 0.898 0.79  0.912 0.889 0.957 0.833 0.871 0.973
 0.894 1.112 0.813 0.977 0.806 0.952 0.784 0.993 0.978 1.054 0.841 0.856
 1.083 0.925 0.843 0.856 0.854 0.949 0.875 0.822]%

Average time for sequential elapsed: 7.359seconds
Average runtime for prediction module: 7.202, where average occupies =97.867% relative to total time
Average runtime for estimation module: 0.068, where average occupies =0.924% relative to total time
 --------------------------------------------------------- 

Number of beacons used: 15, Number of simulations ran through: 200, Simulation duration (seconds): 50.0

Ellapsed time for batch:[7.08  7.092 7.03  7.093 7.258 7.067 7.179 7.125 7.164 7.177 7.157 7.224
 7.113 7.172 7.234 7.134 7.136 7.223 7.128 7.171 7.187 7.126 7.058 6.776
 7.177 7.204 7.149 7.135 7.154 7.149 7.188 7.172 7.232 7.113 7.134 7.154
 7.159 7.192 7.208 7.236 7.148 7.188 7.165 7.156 7.129 7.157 7.173 7.214
 7.159 7.182 7.096 7.222 7.2   7.179 7.212 7.205 7.165 7.141 7.164 7.159
 7.11  7.114 7.139 7.194 7.143 7.117 7.158 7.118 7.157 7.17  7.201 7.158
 7.129 7.16  7.111 7.148 7.173 7.137 7.039 7.127 7.135 7.167 7.147 7.214
 7.14  7.153 7.189 7.141 7.105 7.135 7.228 7.095 7.172 7.136 7.19  7.15
 7.146 7.133 7.231 7.19  7.171 7.187 7.12  7.181 7.174 6.91  7.044 6.808
 7.173 7.19  7.205 7.222 7.136 7.228 7.098 7.209 7.234 7.215 7.233 7.152
 7.184 7.223 7.172 7.12  7.186 7.132 7.103 7.168 7.177 7.127 7.202 7.16
 7.176 7.179 7.174 7.151 7.113 7.162 7.162 7.166 7.121 7.186 7.203 7.131
 7.08  7.185 7.149 7.229 7.221 7.153 7.238 7.165 7.237 7.151 7.183 7.19
 7.154 7.186 7.191 7.106 7.189 7.233 7.172 7.119 7.176 7.085 7.001 7.033
 6.981 6.965 7.    6.959 7.029 6.994 7.044 7.033 6.986 6.966 7.003 7.032
 7.024 7.037 7.023 7.022 6.997 7.017 7.    7.009 7.013 7.017 7.002 6.802
 7.011 7.008 7.008 7.008 7.034 6.989 7.051 6.85 ]
Summed runtime used in prediction module: [6.957 6.969 6.879 6.969 7.131 6.951 7.079 7.002 7.072 7.066 7.029 7.113
 7.024 7.061 7.122 7.028 7.025 7.101 7.026 7.08  7.051 6.958 6.897 6.644
 7.053 7.046 6.97  7.006 7.06  7.046 7.094 7.04  7.125 7.    7.024 6.998
 7.008 7.052 7.116 7.118 7.025 7.059 7.04  7.029 7.037 7.033 7.079 7.146
 7.016 7.078 6.98  7.116 7.105 7.052 7.1   7.084 7.08  6.988 7.021 7.028
 7.012 7.005 6.982 7.077 7.067 6.968 7.079 7.013 7.003 7.017 7.122 7.029
 6.99  7.064 6.967 7.05  7.034 6.987 6.942 7.008 6.959 7.063 7.038 7.091
 7.026 7.062 7.115 7.029 6.967 7.018 7.12  6.958 7.04  7.044 7.091 6.98
 6.98  7.001 7.111 7.104 7.091 7.045 6.922 7.103 7.033 6.763 6.897 6.693
 7.04  7.045 7.128 7.124 7.047 7.109 7.021 7.1   7.088 7.105 7.148 7.062
 7.027 7.117 7.063 7.002 7.071 6.994 6.986 7.059 7.087 7.04  7.112 7.06
 7.039 7.01  7.06  7.055 7.03  7.063 7.012 7.079 7.    7.062 7.092 6.987
 6.967 7.051 7.027 7.097 7.102 7.041 7.073 7.059 7.117 7.065 7.064 7.094
 7.036 7.088 7.106 7.028 7.035 7.154 7.069 7.003 7.089 6.991 6.89  6.942
 6.86  6.873 6.896 6.851 6.931 6.88  6.934 6.917 6.884 6.869 6.894 6.918
 6.897 6.911 6.906 6.908 6.836 6.914 6.86  6.883 6.898 6.885 6.894 6.674
 6.905 6.892 6.859 6.911 6.885 6.874 6.945 6.733]seconds
Portion of runtime prediction module occupies: [98.263 98.273 97.854 98.249 98.252 98.365 98.606 98.273 98.715 98.457
 98.211 98.465 98.75  98.452 98.46  98.517 98.45  98.311 98.575 98.731
 98.108 97.652 97.721 98.052 98.277 97.806 97.501 98.187 98.686 98.558
 98.682 98.158 98.525 98.416 98.463 97.813 97.896 98.045 98.732 98.377
 98.275 98.212 98.25  98.22  98.714 98.263 98.682 99.056 98.003 98.558
 98.372 98.536 98.682 98.229 98.457 98.318 98.815 97.855 97.997 98.173
 98.627 98.476 97.806 98.361 98.938 97.897 98.892 98.523 97.852 97.876
 98.914 98.197 98.042 98.653 97.984 98.637 98.07  97.894 98.628 98.325
 97.531 98.545 98.48  98.29  98.401 98.719 98.97  98.43  98.068 98.364
 98.502 98.074 98.149 98.721 98.629 97.615 97.684 98.151 98.336 98.801
 98.889 98.023 97.225 98.907 98.038 97.88  97.912 98.317 98.134 97.98
 98.939 98.647 98.756 98.351 98.914 98.489 97.976 98.475 98.834 98.74
 97.806 98.53  98.476 98.34  98.405 98.061 98.341 98.476 98.741 98.776
 98.751 98.604 98.098 97.656 98.405 98.66  98.827 98.621 97.902 98.79
 98.299 98.28  98.457 97.987 98.401 98.125 98.289 98.178 98.348 98.438
 97.709 98.522 98.345 98.791 98.344 98.656 98.343 98.647 98.82  98.907
 97.857 98.908 98.562 98.369 98.779 98.672 98.406 98.698 98.274 98.671
 98.508 98.454 98.603 98.367 98.443 98.356 98.54  98.606 98.44  98.38
 98.199 98.212 98.327 98.382 97.693 98.532 97.996 98.208 98.361 98.116
 98.458 98.11  98.476 98.349 97.876 98.619 97.89  98.368 98.505 98.291]%
Summed runtime used in estimation module: [0.06  0.062 0.099 0.077 0.069 0.074 0.051 0.073 0.042 0.048 0.071 0.059
 0.047 0.067 0.065 0.051 0.061 0.087 0.069 0.029 0.096 0.109 0.102 0.061
 0.097 0.07  0.131 0.075 0.047 0.063 0.034 0.084 0.07  0.071 0.074 0.105
 0.076 0.099 0.054 0.055 0.075 0.079 0.073 0.089 0.042 0.079 0.055 0.04
 0.059 0.056 0.061 0.062 0.062 0.06  0.073 0.067 0.047 0.104 0.095 0.077
 0.041 0.072 0.088 0.053 0.03  0.084 0.046 0.065 0.094 0.116 0.034 0.086
 0.074 0.057 0.107 0.068 0.064 0.1   0.068 0.059 0.096 0.073 0.081 0.089
 0.075 0.05  0.038 0.081 0.083 0.076 0.061 0.086 0.071 0.051 0.065 0.087
 0.129 0.091 0.06  0.034 0.043 0.065 0.104 0.048 0.107 0.05  0.094 0.063
 0.061 0.085 0.041 0.059 0.056 0.057 0.041 0.073 0.07  0.071 0.044 0.054
 0.107 0.066 0.072 0.054 0.08  0.07  0.058 0.071 0.059 0.054 0.047 0.061
 0.085 0.121 0.079 0.048 0.049 0.063 0.085 0.041 0.073 0.067 0.057 0.087
 0.064 0.078 0.084 0.078 0.07  0.075 0.097 0.06  0.081 0.053 0.093 0.055
 0.081 0.06  0.043 0.037 0.08  0.046 0.07  0.086 0.038 0.054 0.073 0.054
 0.066 0.054 0.066 0.068 0.061 0.059 0.063 0.066 0.061 0.061 0.068 0.066
 0.062 0.043 0.062 0.065 0.118 0.059 0.099 0.058 0.072 0.071 0.071 0.071
 0.059 0.08  0.099 0.061 0.064 0.059 0.062 0.057]seconds
Portion of runtime estimation module occupies: [0.849 0.873 1.41  1.091 0.952 1.045 0.715 1.03  0.587 0.671 0.986 0.811
 0.663 0.931 0.898 0.712 0.861 1.207 0.974 0.409 1.335 1.536 1.438 0.898
 1.358 0.968 1.833 1.056 0.657 0.878 0.47  1.176 0.974 0.994 1.042 1.463
 1.067 1.373 0.746 0.754 1.055 1.1   1.014 1.25  0.59  1.111 0.763 0.557
 0.82  0.781 0.861 0.853 0.859 0.834 1.006 0.936 0.656 1.453 1.329 1.08
 0.578 1.007 1.233 0.733 0.424 1.185 0.645 0.917 1.312 1.614 0.475 1.195
 1.043 0.794 1.506 0.945 0.886 1.397 0.973 0.834 1.345 1.025 1.131 1.236
 1.045 0.698 0.533 1.137 1.162 1.06  0.845 1.206 0.985 0.715 0.903 1.219
 1.807 1.279 0.828 0.479 0.593 0.909 1.461 0.666 1.491 0.718 1.329 0.927
 0.849 1.184 0.571 0.816 0.785 0.793 0.582 1.017 0.971 0.99  0.606 0.761
 1.487 0.907 0.998 0.756 1.11  0.986 0.813 0.987 0.82  0.754 0.656 0.849
 1.186 1.684 1.102 0.669 0.684 0.886 1.187 0.575 1.019 0.932 0.791 1.217
 0.9   1.08  1.175 1.083 0.967 1.046 1.339 0.838 1.124 0.738 1.294 0.772
 1.134 0.835 0.6   0.522 1.114 0.638 0.971 1.215 0.533 0.756 1.036 0.771
 0.948 0.773 0.939 0.976 0.87  0.85  0.895 0.936 0.873 0.881 0.966 0.94
 0.884 0.611 0.89  0.925 1.68  0.842 1.409 0.831 1.03  1.006 1.009 1.041
 0.844 1.14  1.417 0.871 0.905 0.838 0.879 0.825]%

Average time for batch elapsed: 7.129seconds
Average runtime for prediction module: 7.012, where average occupies =98.359% relative to total time
Average runtime for estimation module: 0.069, where average occupies =0.968% relative to total time

Ellapsed time for sequential:[7.043 6.971 7.062 7.026 7.091 7.04  7.056 6.989 7.014 6.974 7.002 7.012
 7.076 6.984 7.064 7.077 7.046 6.976 6.986 6.997 7.013 7.045 7.018 7.036
 6.971 7.03  6.961 7.059 6.992 7.023 6.967 7.034 7.105 7.036 6.993 6.884
 6.893 6.822 6.972 7.017 7.006 7.01  7.09  7.047 7.039 6.96  6.996 6.985
 7.017 6.953 7.03  7.011 7.047 6.935 7.051 6.961 6.972 6.996 6.931 7.035
 7.043 7.06  7.019 7.012 6.975 7.057 6.967 6.993 6.966 7.044 6.955 7.051
 6.979 7.018 6.963 6.993 6.798 6.937 6.982 7.075 6.938 7.037 7.013 6.992
 7.013 7.017 7.037 6.97  7.041 6.946 6.994 6.972 7.043 6.941 7.117 7.04
 7.076 7.033 7.018 6.993 6.94  6.953 6.963 6.993 7.075 6.981 6.985 7.023
 6.999 6.98  7.005 7.066 7.05  7.053 6.996 7.034 6.956 6.985 6.962 7.031
 7.01  7.038 7.085 6.989 7.008 7.068 6.984 6.978 7.094 6.937 6.967 6.985
 6.997 6.908 7.047 7.012 7.042 7.019 7.011 6.94  7.049 7.036 6.993 6.971
 6.99  7.044 7.045 6.946 7.075 6.952 6.977 7.014 7.043 7.026 7.007 7.021
 7.085 6.996 7.007 7.043 6.992 6.932 6.796 7.063 6.99  7.058 6.984 7.035
 6.947 6.989 6.987 7.032 6.922 7.006 7.023 6.972 6.978 7.103 7.041 7.057
 6.997 6.941 6.985 6.999 7.002 6.945 7.012 6.95  7.048 7.038 7.023 6.972
 7.026 7.087 6.994 7.004 6.992 7.015 7.052 6.991]
Summed runtime used in prediction module: [6.922 6.827 6.955 6.872 6.976 6.934 6.941 6.891 6.89  6.846 6.906 6.884
 6.973 6.881 6.931 6.969 6.931 6.877 6.865 6.854 6.884 6.91  6.919 6.932
 6.842 6.936 6.859 6.95  6.884 6.911 6.849 6.899 7.005 6.921 6.866 6.766
 6.785 6.671 6.829 6.911 6.896 6.883 6.998 6.929 6.93  6.86  6.856 6.867
 6.873 6.845 6.916 6.906 6.928 6.84  6.948 6.858 6.848 6.888 6.81  6.917
 6.933 6.935 6.909 6.904 6.864 6.938 6.843 6.897 6.866 6.921 6.836 6.954
 6.885 6.912 6.858 6.882 6.675 6.795 6.864 6.968 6.841 6.931 6.918 6.872
 6.909 6.921 6.927 6.805 6.935 6.83  6.876 6.86  6.88  6.807 7.018 6.939
 6.974 6.938 6.9   6.875 6.831 6.844 6.842 6.878 6.976 6.864 6.874 6.913
 6.907 6.862 6.894 6.959 6.927 6.929 6.871 6.921 6.862 6.837 6.872 6.91
 6.913 6.925 6.945 6.864 6.904 6.926 6.874 6.868 6.981 6.821 6.85  6.872
 6.878 6.812 6.916 6.92  6.934 6.884 6.896 6.825 6.938 6.93  6.899 6.858
 6.849 6.94  6.918 6.808 6.978 6.842 6.878 6.881 6.939 6.9   6.918 6.895
 6.966 6.894 6.895 6.937 6.894 6.826 6.693 6.96  6.88  6.964 6.878 6.918
 6.828 6.873 6.889 6.933 6.806 6.885 6.905 6.848 6.853 6.994 6.93  6.952
 6.893 6.833 6.834 6.904 6.903 6.808 6.89  6.812 6.938 6.915 6.887 6.859
 6.917 6.938 6.87  6.905 6.894 6.906 6.93  6.871]seconds
Portion of runtime prediction module occupies: [98.282 97.937 98.486 97.81  98.381 98.486 98.381 98.599 98.237 98.164
 98.636 98.182 98.544 98.52  98.117 98.48  98.369 98.584 98.259 97.965
 98.158 98.089 98.591 98.524 98.145 98.663 98.522 98.447 98.459 98.407
 98.301 98.07  98.593 98.356 98.189 98.282 98.436 97.786 97.938 98.486
 98.433 98.187 98.706 98.327 98.45  98.571 98.003 98.305 97.946 98.458
 98.379 98.497 98.309 98.623 98.545 98.518 98.225 98.458 98.253 98.322
 98.428 98.22  98.432 98.465 98.402 98.308 98.232 98.628 98.561 98.249
 98.281 98.627 98.651 98.499 98.483 98.402 98.185 97.944 98.317 98.483
 98.597 98.499 98.652 98.294 98.517 98.641 98.43  97.64  98.494 98.336
 98.313 98.39  97.683 98.065 98.6   98.568 98.56  98.649 98.324 98.319
 98.423 98.427 98.266 98.349 98.601 98.321 98.401 98.429 98.691 98.307
 98.414 98.478 98.252 98.239 98.209 98.388 98.652 97.876 98.711 98.272
 98.62  98.389 98.022 98.212 98.517 97.998 98.429 98.429 98.416 98.33
 98.324 98.374 98.301 98.603 98.141 98.691 98.463 98.077 98.362 98.335
 98.42  98.499 98.651 98.375 97.981 98.526 98.206 98.012 98.621 98.407
 98.571 98.115 98.52  98.203 98.73  98.212 98.332 98.545 98.393 98.502
 98.594 98.482 98.495 98.542 98.42  98.663 98.481 98.338 98.285 98.346
 98.588 98.592 98.334 98.268 98.33  98.223 98.214 98.456 98.427 98.521
 98.512 98.445 97.851 98.642 98.581 98.021 98.256 98.018 98.433 98.26
 98.064 98.389 98.448 97.898 98.23  98.583 98.599 98.452 98.274 98.292]%
Summed runtime used in estimation module: [0.068 0.089 0.062 0.085 0.073 0.062 0.068 0.058 0.073 0.086 0.053 0.074
 0.045 0.063 0.086 0.059 0.057 0.058 0.082 0.088 0.07  0.074 0.052 0.059
 0.094 0.053 0.059 0.059 0.058 0.058 0.06  0.072 0.055 0.067 0.072 0.072
 0.068 0.101 0.055 0.052 0.063 0.072 0.053 0.058 0.058 0.056 0.101 0.08
 0.06  0.062 0.06  0.073 0.053 0.06  0.058 0.057 0.063 0.06  0.068 0.077
 0.063 0.081 0.063 0.056 0.073 0.065 0.083 0.056 0.062 0.07  0.079 0.056
 0.051 0.062 0.069 0.059 0.06  0.094 0.06  0.063 0.06  0.057 0.056 0.07
 0.055 0.053 0.074 0.055 0.06  0.069 0.064 0.074 0.07  0.073 0.06  0.061
 0.054 0.053 0.057 0.075 0.054 0.063 0.062 0.07  0.062 0.06  0.055 0.065
 0.05  0.076 0.06  0.067 0.07  0.06  0.084 0.07  0.059 0.086 0.059 0.086
 0.057 0.071 0.08  0.075 0.066 0.099 0.064 0.064 0.066 0.075 0.074 0.074
 0.061 0.052 0.076 0.057 0.056 0.093 0.074 0.075 0.053 0.066 0.063 0.071
 0.083 0.054 0.075 0.075 0.054 0.056 0.056 0.072 0.051 0.071 0.05  0.084
 0.065 0.059 0.064 0.062 0.058 0.054 0.063 0.057 0.063 0.052 0.062 0.077
 0.081 0.072 0.059 0.054 0.071 0.076 0.072 0.078 0.058 0.067 0.058 0.067
 0.061 0.056 0.096 0.052 0.05  0.076 0.072 0.092 0.073 0.07  0.077 0.06
 0.066 0.077 0.072 0.056 0.056 0.07  0.074 0.078]seconds
Portion of runtime estimation module occupies: [0.96  1.272 0.881 1.211 1.024 0.88  0.957 0.831 1.038 1.237 0.754 1.05
 0.63  0.905 1.21  0.835 0.808 0.831 1.173 1.26  0.995 1.045 0.74  0.842
 1.353 0.755 0.847 0.837 0.829 0.83  0.861 1.025 0.774 0.95  1.032 1.039
 0.984 1.48  0.788 0.744 0.9   1.021 0.749 0.827 0.83  0.8   1.447 1.14
 0.855 0.892 0.856 1.036 0.754 0.863 0.824 0.822 0.905 0.862 0.975 1.092
 0.897 1.144 0.901 0.798 1.039 0.921 1.19  0.801 0.889 0.988 1.132 0.796
 0.736 0.879 0.992 0.845 0.882 1.349 0.862 0.885 0.864 0.811 0.798 0.998
 0.787 0.759 1.047 0.793 0.859 0.994 0.917 1.054 0.989 1.046 0.839 0.866
 0.765 0.758 0.813 1.068 0.775 0.901 0.892 0.997 0.881 0.859 0.789 0.93
 0.715 1.085 0.855 0.943 0.987 0.85  1.194 0.997 0.848 1.234 0.845 1.218
 0.814 1.005 1.126 1.071 0.938 1.406 0.918 0.918 0.926 1.088 1.06  1.056
 0.872 0.752 1.075 0.813 0.798 1.327 1.05  1.076 0.753 0.941 0.895 1.023
 1.192 0.768 1.061 1.076 0.764 0.805 0.802 1.023 0.729 1.012 0.714 1.194
 0.917 0.843 0.908 0.88  0.823 0.778 0.922 0.807 0.903 0.738 0.887 1.092
 1.169 1.03  0.846 0.772 1.019 1.08  1.03  1.12  0.835 0.943 0.824 0.944
 0.869 0.812 1.369 0.746 0.719 1.089 1.024 1.326 1.031 0.995 1.091 0.861
 0.94  1.088 1.031 0.799 0.804 0.993 1.051 1.119]%

Average time for sequential elapsed: 7.005seconds
Average runtime for prediction module: 6.891, where average occupies =98.373% relative to total time
Average runtime for estimation module: 0.066, where average occupies =0.942% relative to total time

Ellapsed time for UDU:[17.775 17.711 17.717 17.715 17.62  17.703 17.716 17.722 17.726 17.708
 17.768 17.69  17.739 17.66  17.717 17.645 17.716 17.648 17.231 17.6
 17.681 17.666 17.714 17.703 17.721 17.694 17.686 17.72  17.701 17.771
 17.708 17.71  17.658 17.694 17.669 17.676 17.63  17.71  17.649 17.711
 17.563 17.689 17.717 17.699 17.682 17.691 17.706 17.664 17.738 17.679
 17.696 17.678 17.543 17.61  17.696 17.701 17.704 17.705 17.692 17.667
 17.726 17.758 17.675 17.714 17.709 17.661 17.654 17.589 17.672 17.709
 17.661 17.761 17.611 17.684 17.705 17.7   17.687 17.687 17.726 17.722
 17.708 17.709 17.737 17.708 17.72  17.691 17.515 17.67  17.733 17.654
 17.651 17.798 17.698 17.691 17.666 17.676 17.684 17.685 17.699 17.69
 17.66  17.719 17.681 17.693 17.558 17.71  17.738 17.68  17.592 17.645
 17.708 17.634 17.749 17.675 17.688 17.68  17.717 17.654 17.718 17.647
 17.211 17.627 17.666 17.669 17.609 17.674 17.663 17.672 17.694 17.711
 17.643 17.664 17.618 17.713 17.555 17.672 17.676 17.718 17.604 17.583
 17.684 17.716 17.706 17.668 17.676 17.654 17.715 17.687 17.672 17.707
 17.68  17.649 17.671 17.698 17.531 17.648 17.725 17.613 17.674 17.704
 17.717 17.612 17.655 17.69  17.724 17.691 17.663 17.728 17.705 17.707
 17.582 17.691 17.642 17.668 17.649 17.665 17.694 17.676 17.679 17.648
 17.67  17.644 17.704 17.636 17.808 17.667 17.688 17.686 17.522 17.67
 17.665 17.68  17.722 17.679 17.661 17.676 17.719 17.717 17.683 17.71 ]
Summed runtime used in prediction module: [16.803 16.819 16.748 16.762 16.724 16.806 16.823 16.783 16.774 16.8
 16.846 16.814 16.807 16.748 16.858 16.764 16.805 16.741 16.305 16.729
 16.744 16.734 16.754 16.755 16.765 16.778 16.769 16.824 16.753 16.815
 16.795 16.825 16.787 16.77  16.734 16.737 16.724 16.752 16.726 16.769
 16.653 16.768 16.825 16.768 16.686 16.769 16.824 16.741 16.86  16.775
 16.781 16.75  16.557 16.701 16.781 16.801 16.75  16.794 16.717 16.767
 16.815 16.811 16.758 16.795 16.818 16.741 16.739 16.697 16.806 16.793
 16.67  16.847 16.732 16.793 16.799 16.778 16.777 16.74  16.862 16.781
 16.808 16.766 16.753 16.758 16.779 16.773 16.594 16.692 16.828 16.725
 16.725 16.804 16.761 16.761 16.704 16.803 16.809 16.736 16.743 16.766
 16.659 16.768 16.78  16.765 16.614 16.785 16.869 16.756 16.743 16.697
 16.832 16.752 16.82  16.743 16.798 16.729 16.784 16.783 16.745 16.717
 16.259 16.741 16.76  16.736 16.685 16.756 16.723 16.715 16.796 16.731
 16.703 16.735 16.718 16.818 16.641 16.827 16.772 16.776 16.684 16.668
 16.812 16.8   16.761 16.798 16.752 16.754 16.793 16.778 16.783 16.797
 16.73  16.738 16.72  16.747 16.578 16.753 16.815 16.73  16.73  16.769
 16.837 16.668 16.724 16.773 16.851 16.81  16.702 16.79  16.748 16.763
 16.64  16.79  16.727 16.771 16.694 16.766 16.789 16.728 16.76  16.716
 16.74  16.721 16.768 16.719 16.844 16.725 16.782 16.737 16.583 16.788
 16.729 16.774 16.824 16.803 16.734 16.767 16.801 16.829 16.777 16.774]seconds
Portion of runtime prediction module occupies: [94.529 94.966 94.531 94.622 94.914 94.932 94.956 94.701 94.633 94.875
 94.814 95.051 94.744 94.832 95.152 95.008 94.857 94.86  94.625 95.052
 94.701 94.725 94.58  94.647 94.605 94.821 94.814 94.939 94.647 94.622
 94.845 95.    95.069 94.777 94.707 94.685 94.859 94.591 94.768 94.679
 94.823 94.793 94.967 94.74  94.367 94.792 95.021 94.773 95.05  94.889
 94.833 94.751 94.379 94.835 94.831 94.92  94.61  94.854 94.487 94.907
 94.861 94.668 94.814 94.811 94.972 94.789 94.814 94.928 95.099 94.832
 94.39  94.854 95.011 94.961 94.88  94.794 94.853 94.644 95.129 94.692
 94.918 94.677 94.453 94.634 94.691 94.812 94.742 94.464 94.9   94.741
 94.754 94.419 94.703 94.743 94.555 95.062 95.055 94.638 94.601 94.775
 94.334 94.63  94.908 94.755 94.623 94.779 95.1   94.772 95.174 94.628
 95.052 95.    94.765 94.724 94.965 94.619 94.737 95.067 94.511 94.731
 94.469 94.973 94.876 94.72  94.75  94.804 94.677 94.583 94.923 94.469
 94.668 94.743 94.895 94.951 94.796 95.216 94.888 94.68  94.775 94.797
 95.069 94.825 94.662 95.072 94.773 94.901 94.795 94.862 94.966 94.859
 94.63  94.838 94.618 94.629 94.56  94.932 94.865 94.983 94.659 94.718
 95.035 94.643 94.727 94.816 95.079 95.021 94.561 94.714 94.595 94.669
 94.642 94.909 94.815 94.923 94.588 94.908 94.887 94.636 94.802 94.72
 94.732 94.766 94.716 94.803 94.586 94.666 94.878 94.637 94.643 95.008
 94.703 94.876 94.931 95.043 94.75  94.859 94.818 94.99  94.878 94.714]%
Summed runtime used in estimation module: [0.898 0.861 0.927 0.893 0.85  0.864 0.833 0.883 0.921 0.867 0.887 0.845
 0.872 0.869 0.827 0.837 0.879 0.859 0.881 0.835 0.887 0.891 0.916 0.889
 0.914 0.883 0.873 0.866 0.887 0.923 0.891 0.854 0.842 0.866 0.907 0.906
 0.864 0.91  0.862 0.88  0.878 0.857 0.847 0.902 0.948 0.889 0.852 0.894
 0.829 0.878 0.851 0.884 0.92  0.871 0.871 0.864 0.907 0.865 0.941 0.867
 0.879 0.903 0.881 0.873 0.844 0.894 0.874 0.866 0.839 0.885 0.934 0.871
 0.853 0.854 0.876 0.896 0.849 0.918 0.835 0.865 0.824 0.912 0.928 0.904
 0.893 0.89  0.867 0.921 0.872 0.901 0.89  0.952 0.912 0.872 0.896 0.841
 0.849 0.922 0.92  0.87  0.919 0.906 0.852 0.865 0.88  0.866 0.841 0.878
 0.821 0.907 0.847 0.854 0.887 0.898 0.864 0.893 0.908 0.84  0.935 0.889
 0.904 0.846 0.818 0.906 0.893 0.877 0.889 0.902 0.868 0.941 0.9   0.886
 0.868 0.865 0.887 0.817 0.869 0.866 0.877 0.882 0.822 0.875 0.888 0.843
 0.888 0.854 0.88  0.88  0.861 0.88  0.921 0.869 0.917 0.916 0.883 0.871
 0.881 0.845 0.901 0.878 0.857 0.908 0.902 0.892 0.83  0.837 0.902 0.885
 0.887 0.907 0.91  0.873 0.886 0.866 0.894 0.853 0.879 0.884 0.889 0.858
 0.887 0.88  0.885 0.878 0.889 0.88  0.858 0.919 0.89  0.846 0.888 0.873
 0.852 0.833 0.897 0.88  0.879 0.856 0.861 0.887]seconds
Portion of runtime estimation module occupies: [5.05  4.859 5.233 5.042 4.824 4.88  4.703 4.982 5.195 4.897 4.991 4.776
 4.915 4.923 4.669 4.744 4.959 4.868 5.115 4.743 5.014 5.044 5.17  5.023
 5.158 4.993 4.937 4.886 5.011 5.191 5.032 4.819 4.77  4.895 5.135 5.128
 4.9   5.141 4.884 4.966 4.999 4.843 4.781 5.097 5.364 5.023 4.81  5.064
 4.672 4.968 4.809 5.002 5.243 4.944 4.923 4.884 5.122 4.884 5.321 4.91
 4.958 5.086 4.986 4.929 4.767 5.06  4.953 4.925 4.749 4.997 5.289 4.906
 4.844 4.827 4.949 5.06  4.802 5.192 4.711 4.879 4.651 5.148 5.232 5.103
 5.041 5.029 4.952 5.211 4.92  5.105 5.042 5.349 5.153 4.927 5.073 4.757
 4.799 5.212 5.197 4.916 5.204 5.114 4.819 4.89  5.011 4.89  4.74  4.967
 4.67  5.138 4.784 4.842 4.999 5.081 4.887 5.05  5.125 4.757 5.28  5.039
 5.251 4.801 4.629 5.128 5.074 4.961 5.033 5.105 4.908 5.316 5.103 5.015
 4.928 4.885 5.052 4.622 4.915 4.887 4.983 5.017 4.649 4.939 5.013 4.77
 5.026 4.837 4.965 4.975 4.871 4.97  5.207 4.924 5.189 5.178 5.035 4.937
 4.973 4.796 5.1   4.962 4.838 5.155 5.108 5.043 4.683 4.73  5.104 4.992
 5.013 5.125 5.176 4.933 5.024 4.903 5.063 4.828 4.969 5.001 5.031 4.859
 5.019 4.987 4.998 4.977 4.994 4.982 4.849 5.196 5.077 4.789 5.025 4.937
 4.807 4.711 5.081 4.98  4.961 4.834 4.871 5.006]%

Average time for UDU elapsed: 17.676seconds
Average runtime for prediction module: 16.755, where average occupies =94.79% relative to total time
Average runtime for estimation module: 0.879, where average occupies =4.973% relative to total time


Average Relative speedup of batch vs sequential: 1.739%
Average Relative speedup of pred module in batch vs sequential: 1.726%
Average Relative speedup of est module in batch vs sequential: 4.348%


Average Relative speedup of batch vs UDU-sequential: -147.945%
Average Relative speedup of pred module in batch vs UDU-sequential: -138.948%
Average Relative speedup of est module in batch vs UDU-sequential: -1173.913%


Average Relative speedup of sequential vs UDU-sequential: -152.334%
Average Relative speedup of pred module in sequential vs UDU-sequential: -143.143%
Average Relative speedup of est module in sequential vs UDU-sequential: -1231.818%
 --------------------------------------------------------- 

Number of beacons used: 15, Number of simulations ran through: 200, Simulation duration (seconds): 100.0

Ellapsed time for batch:[14.118 15.337 14.071 14.143 14.061 14.033 14.122 14.203 14.075 14.075
 14.049 14.039 14.075 14.114 14.058 14.027 14.127 14.095 14.095 14.186
 14.117 14.147 14.73  14.965 14.278 14.49  14.362 13.903 14.436 14.369
 14.466 14.412 14.449 14.418 14.453 14.335 14.403 14.427 14.363 14.405
 14.354 14.398 14.326 14.369 14.344 14.431 14.324 14.359 14.412 14.522
 14.397 14.441 14.382 14.375 14.437 14.355 14.443 14.375 14.43  14.399
 14.35  14.411 14.436 14.408 14.433 14.451 14.466 14.353 14.246 13.883
 14.371 14.404 14.367 14.347 14.404 14.456 14.366 14.462 14.402 14.476
 14.512 14.407 14.394 14.428 14.413 14.443 14.426 14.39  14.393 14.11
 14.394 14.453 14.383 14.36  14.437 14.424 14.389 14.445 14.369 14.497
 14.342 14.332 14.375 14.365 14.461 14.367 14.332 14.445 14.432 14.407
 14.201 14.138 14.428 14.35  14.318 14.478 14.396 14.415 14.423 14.387
 14.486 14.341 14.405 14.455 14.297 14.482 14.43  14.342 14.323 14.402
 14.373 14.385 14.404 14.403 14.331 14.438 14.436 14.503 14.419 14.413
 14.433 14.442 14.44  14.325 14.338 14.354 14.289 14.283 14.405 14.365
 14.469 14.399 13.938 14.309 14.477 14.393 14.359 14.415 14.175 14.46
 14.389 14.438 14.447 14.409 14.443 14.348 14.417 14.427 14.479 14.291
 14.363 14.43  14.391 14.427 14.395 14.45  14.383 14.462 14.476 14.395
 14.355 14.455 14.479 14.424 14.417 14.37  14.405 14.389 14.428 14.327
 14.398 14.457 14.369 14.395 13.857 14.417 14.437 14.359 14.425 14.397]
Summed runtime used in prediction module: [13.911 15.122 13.828 13.9   13.862 13.789 13.911 13.963 13.876 13.875
 13.826 13.842 13.838 13.907 13.853 13.817 13.894 13.9   13.859 13.892
 13.9   13.941 14.491 14.768 14.081 14.268 14.109 13.612 14.229 14.153
 14.227 14.197 14.233 14.16  14.255 14.072 14.157 14.234 14.114 14.19
 14.161 14.173 14.106 14.159 14.14  14.17  14.1   14.157 14.199 14.282
 14.212 14.203 14.179 14.193 14.264 14.105 14.195 14.16  14.26  14.209
 14.134 14.147 14.206 14.138 14.188 14.22  14.261 14.095 13.959 13.671
 14.137 14.213 14.142 14.114 14.181 14.251 14.145 14.278 14.163 14.286
 14.261 14.249 14.204 14.24  14.233 14.197 14.234 14.155 14.122 13.921
 14.186 14.278 14.148 14.165 14.221 14.222 14.191 14.243 14.135 14.28
 14.1   14.17  14.158 14.172 14.263 14.089 14.123 14.272 14.174 14.192
 14.045 13.89  14.191 14.133 14.1   14.219 14.202 14.177 14.22  14.111
 14.302 14.113 14.182 14.244 14.108 14.266 14.212 14.136 14.105 14.167
 14.148 14.12  14.12  14.189 14.114 14.168 14.218 14.297 14.21  14.168
 14.289 14.221 14.254 14.041 14.127 14.154 13.969 14.017 14.164 14.121
 14.186 14.113 13.725 14.018 14.279 14.097 14.101 14.211 13.977 14.192
 14.181 14.241 14.247 14.223 14.246 14.156 14.207 14.227 14.287 14.023
 14.145 14.208 14.181 14.212 14.147 14.294 14.131 14.267 14.199 14.215
 14.183 14.255 14.197 14.199 14.239 14.195 14.177 14.189 14.198 14.124
 14.179 14.311 14.077 14.178 13.644 14.194 14.235 14.175 14.229 14.188]seconds
Portion of runtime prediction module occupies: [98.536 98.603 98.275 98.285 98.582 98.261 98.508 98.308 98.589 98.578
 98.412 98.599 98.312 98.533 98.539 98.502 98.352 98.616 98.326 97.93
 98.458 98.545 98.377 98.686 98.623 98.463 98.242 97.909 98.57  98.495
 98.35  98.511 98.501 98.209 98.631 98.167 98.292 98.664 98.261 98.508
 98.658 98.436 98.463 98.54  98.58  98.196 98.434 98.591 98.525 98.351
 98.719 98.356 98.589 98.734 98.803 98.259 98.287 98.503 98.821 98.675
 98.5   98.169 98.4   98.128 98.304 98.399 98.588 98.201 97.984 98.471
 98.376 98.679 98.434 98.37  98.447 98.586 98.46  98.727 98.338 98.686
 98.274 98.907 98.68  98.697 98.75  98.295 98.669 98.365 98.116 98.664
 98.549 98.785 98.366 98.645 98.503 98.602 98.624 98.607 98.373 98.502
 98.312 98.876 98.49  98.652 98.627 98.065 98.543 98.804 98.209 98.508
 98.905 98.243 98.362 98.493 98.477 98.212 98.655 98.349 98.591 98.082
 98.729 98.411 98.446 98.542 98.682 98.503 98.485 98.562 98.478 98.37
 98.437 98.154 98.033 98.511 98.483 98.131 98.491 98.583 98.552 98.299
 99.004 98.466 98.708 98.011 98.526 98.61  97.757 98.132 98.327 98.296
 98.04  98.016 98.479 97.965 98.637 97.94  98.198 98.584 98.605 98.148
 98.557 98.64  98.617 98.712 98.639 98.662 98.54  98.614 98.673 98.123
 98.482 98.464 98.541 98.511 98.273 98.922 98.247 98.653 98.083 98.746
 98.801 98.616 98.054 98.441 98.762 98.781 98.419 98.606 98.407 98.578
 98.476 98.989 97.968 98.496 98.461 98.45  98.606 98.717 98.638 98.548]%
Summed runtime used in estimation module: [0.138 0.143 0.15  0.15  0.131 0.153 0.127 0.169 0.114 0.126 0.147 0.125
 0.128 0.134 0.131 0.135 0.137 0.124 0.167 0.165 0.13  0.133 0.126 0.115
 0.134 0.161 0.201 0.178 0.153 0.153 0.153 0.131 0.131 0.208 0.14  0.177
 0.183 0.128 0.161 0.151 0.138 0.166 0.131 0.135 0.134 0.178 0.142 0.138
 0.138 0.143 0.118 0.145 0.14  0.106 0.121 0.136 0.132 0.147 0.103 0.112
 0.146 0.19  0.139 0.173 0.196 0.166 0.146 0.187 0.214 0.119 0.143 0.11
 0.169 0.179 0.142 0.124 0.137 0.117 0.135 0.117 0.147 0.098 0.142 0.113
 0.106 0.157 0.12  0.166 0.178 0.132 0.132 0.109 0.15  0.132 0.1   0.119
 0.124 0.133 0.152 0.102 0.17  0.1   0.153 0.088 0.104 0.212 0.121 0.1
 0.183 0.156 0.1   0.14  0.162 0.171 0.113 0.126 0.097 0.139 0.11  0.157
 0.106 0.129 0.134 0.153 0.123 0.127 0.105 0.13  0.153 0.132 0.155 0.165
 0.213 0.117 0.141 0.186 0.14  0.152 0.114 0.18  0.069 0.119 0.121 0.204
 0.156 0.133 0.218 0.196 0.15  0.176 0.16  0.205 0.134 0.235 0.072 0.163
 0.154 0.105 0.126 0.18  0.126 0.111 0.143 0.101 0.105 0.109 0.13  0.122
 0.117 0.197 0.131 0.147 0.136 0.098 0.162 0.073 0.163 0.143 0.209 0.116
 0.128 0.102 0.177 0.097 0.121 0.109 0.128 0.127 0.132 0.136 0.13  0.076
 0.184 0.143 0.14  0.094 0.132 0.126 0.11  0.125]seconds
Portion of runtime estimation module occupies: [0.979 0.933 1.068 1.057 0.931 1.09  0.9   1.188 0.811 0.896 1.046 0.891
 0.91  0.947 0.935 0.961 0.968 0.88  1.186 1.162 0.92  0.939 0.854 0.767
 0.937 1.113 1.402 1.28  1.06  1.062 1.06  0.91  0.903 1.442 0.966 1.237
 1.27  0.885 1.121 1.051 0.962 1.15  0.914 0.938 0.936 1.235 0.993 0.96
 0.954 0.987 0.823 1.005 0.976 0.734 0.837 0.944 0.913 1.022 0.714 0.776
 1.019 1.316 0.966 1.203 1.359 1.15  1.011 1.304 1.504 0.856 0.995 0.764
 1.179 1.249 0.984 0.859 0.953 0.811 0.937 0.81  1.013 0.679 0.988 0.78
 0.736 1.09  0.829 1.156 1.236 0.934 0.92  0.751 1.04  0.92  0.692 0.825
 0.864 0.922 1.057 0.703 1.189 0.696 1.062 0.613 0.718 1.472 0.843 0.694
 1.27  1.085 0.704 0.991 1.124 1.193 0.793 0.872 0.671 0.961 0.763 1.091
 0.732 0.899 0.929 1.057 0.861 0.875 0.725 0.909 1.067 0.918 1.082 1.144
 1.479 0.814 0.982 1.29  0.972 1.047 0.793 1.248 0.48  0.827 0.84  1.423
 1.087 0.929 1.523 1.37  1.044 1.227 1.105 1.422 0.964 1.643 0.498 1.134
 1.075 0.727 0.892 1.246 0.879 0.765 0.988 0.701 0.726 0.758 0.898 0.845
 0.805 1.379 0.912 1.017 0.946 0.68  1.124 0.503 1.13  0.986 1.441 0.809
 0.893 0.705 1.221 0.676 0.842 0.757 0.889 0.884 0.913 0.951 0.903 0.528
 1.283 0.993 1.009 0.652 0.913 0.88  0.76  0.869]%

Average time for batch elapsed: 14.364seconds
Average runtime for prediction module: 14.144, where average occupies =98.468% relative to total time
Average runtime for estimation module: 0.14, where average occupies =0.975% relative to total time

Ellapsed time for sequential:[14.492 14.296 14.472 14.314 14.355 14.023 14.348 14.45  14.354 14.377
 14.338 14.363 14.287 14.34  14.229 14.319 14.34  14.361 14.379 14.319
 14.416 14.316 14.319 14.232 14.267 14.365 14.303 14.211 14.312 14.438
 14.328 14.265 14.315 14.388 14.289 14.032 14.052 14.417 14.455 14.419
 14.434 14.276 14.304 14.315 14.288 14.304 14.352 14.297 14.275 14.317
 13.955 14.332 14.283 14.289 14.342 14.288 14.31  14.4   14.311 14.314
 14.456 14.382 14.282 14.337 14.334 14.315 14.37  14.328 13.939 14.298
 14.37  14.442 14.367 14.287 14.305 14.378 14.439 14.049 14.22  14.292
 14.479 14.371 14.324 14.267 14.377 14.321 14.355 14.398 14.398 14.322
 14.279 14.308 14.402 14.305 14.38  14.335 14.314 14.357 14.31  14.355
 14.395 14.467 14.419 14.358 14.39  14.358 14.365 14.361 14.419 14.38
 14.408 14.397 13.932 14.333 14.425 14.307 14.244 14.497 14.255 13.972
 14.275 14.416 14.346 14.366 14.332 14.364 14.252 14.285 14.294 14.309
 13.937 14.271 14.467 14.327 14.29  14.425 14.377 14.314 14.365 14.381
 14.359 14.256 14.307 14.389 14.401 14.26  14.291 14.437 14.368 14.353
 14.36  14.401 14.313 14.326 14.34  14.413 14.16  14.048 14.477 14.893
 14.893 14.25  14.789 14.856 15.117 14.946 14.827 14.861 14.807 14.845
 14.973 14.921 14.784 14.76  14.223 14.832 14.779 14.73  14.79  14.778
 15.008 14.911 14.843 14.91  14.768 14.721 14.892 14.713 14.812 14.767
 14.817 14.94  14.406 14.735 15.057 14.77  14.815 14.759 14.857 14.746]
Summed runtime used in prediction module: [14.342 14.061 14.216 14.082 14.133 13.862 14.056 14.259 14.128 14.163
 14.157 14.196 14.06  14.141 14.031 14.124 14.126 14.154 14.181 14.113
 14.241 14.118 14.125 13.99  14.02  14.184 14.063 14.001 14.105 14.197
 14.114 14.057 14.17  14.128 14.039 13.741 13.827 14.199 14.282 14.19
 14.23  14.011 14.086 14.08  14.084 14.115 14.146 14.1   13.989 13.983
 13.704 14.061 14.101 14.046 14.154 14.06  14.067 14.21  14.101 14.131
 14.252 14.173 14.035 14.184 14.109 14.114 14.207 14.124 13.75  14.107
 14.121 14.217 14.147 14.049 14.139 14.123 14.256 13.819 13.968 14.09
 14.264 14.189 14.086 14.089 14.203 14.119 14.189 14.192 14.26  14.089
 14.043 14.131 14.209 14.086 14.16  14.078 14.116 14.07  14.117 14.091
 14.145 14.28  14.22  14.077 14.195 14.135 14.174 14.154 14.232 14.179
 14.215 14.147 13.712 14.107 14.211 14.085 14.031 14.3   14.056 13.793
 14.063 14.139 14.178 14.184 14.074 14.074 14.084 14.054 14.095 14.11
 13.713 14.083 14.282 14.187 14.115 14.229 14.132 14.071 14.113 14.183
 14.165 14.008 14.101 14.184 14.216 14.045 14.086 14.19  14.132 14.127
 14.067 14.199 14.091 14.102 14.135 14.205 13.954 13.87  14.206 14.69
 14.626 14.09  14.47  14.581 14.934 14.758 14.624 14.587 14.555 14.603
 14.666 14.751 14.507 14.548 14.029 14.595 14.449 14.43  14.485 14.538
 14.841 14.713 14.683 14.676 14.581 14.537 14.755 14.458 14.577 14.571
 14.555 14.695 14.249 14.46  14.906 14.508 14.56  14.568 14.669 14.656]seconds
Portion of runtime prediction module occupies: [98.967 98.351 98.23  98.384 98.453 98.848 97.966 98.684 98.429 98.512
 98.733 98.833 98.412 98.615 98.608 98.641 98.507 98.558 98.619 98.558
 98.789 98.614 98.649 98.299 98.273 98.739 98.324 98.523 98.557 98.334
 98.507 98.545 98.983 98.19  98.251 97.93  98.394 98.493 98.803 98.411
 98.585 98.145 98.475 98.356 98.57  98.676 98.56  98.623 97.997 97.663
 98.198 98.112 98.722 98.299 98.693 98.402 98.298 98.682 98.537 98.724
 98.591 98.55  98.272 98.934 98.434 98.598 98.866 98.574 98.638 98.66
 98.27  98.438 98.469 98.336 98.842 98.227 98.733 98.358 98.227 98.585
 98.515 98.738 98.342 98.752 98.793 98.59  98.849 98.571 99.038 98.372
 98.341 98.762 98.662 98.468 98.47  98.202 98.614 98.004 98.652 98.16
 98.261 98.707 98.623 98.045 98.647 98.445 98.669 98.561 98.708 98.6
 98.66  98.268 98.419 98.422 98.517 98.451 98.507 98.644 98.603 98.714
 98.517 98.073 98.824 98.734 98.201 97.984 98.817 98.384 98.605 98.608
 98.4   98.687 98.723 99.019 98.776 98.645 98.293 98.3   98.245 98.617
 98.644 98.258 98.559 98.572 98.716 98.497 98.564 98.289 98.361 98.425
 97.961 98.601 98.446 98.435 98.571 98.557 98.548 98.734 98.123 98.635
 98.205 98.877 97.842 98.147 98.79  98.738 98.633 98.157 98.299 98.367
 97.949 98.862 98.127 98.566 98.631 98.402 97.773 97.966 97.939 98.371
 98.884 98.67  98.924 98.431 98.733 98.747 99.081 98.267 98.418 98.671
 98.228 98.362 98.911 98.137 98.993 98.229 98.277 98.706 98.734 99.387]%
Summed runtime used in estimation module: [0.094 0.145 0.155 0.156 0.16  0.083 0.223 0.133 0.147 0.108 0.104 0.07
 0.151 0.144 0.139 0.094 0.138 0.112 0.11  0.074 0.1   0.144 0.118 0.144
 0.155 0.126 0.172 0.117 0.146 0.175 0.143 0.111 0.077 0.175 0.161 0.213
 0.138 0.14  0.091 0.123 0.132 0.172 0.146 0.157 0.123 0.1   0.149 0.128
 0.183 0.241 0.149 0.192 0.096 0.142 0.119 0.103 0.158 0.128 0.136 0.125
 0.096 0.126 0.175 0.096 0.177 0.124 0.093 0.112 0.112 0.124 0.16  0.152
 0.118 0.138 0.109 0.188 0.125 0.168 0.158 0.128 0.134 0.116 0.152 0.111
 0.112 0.118 0.095 0.13  0.08  0.184 0.169 0.103 0.134 0.144 0.15  0.139
 0.134 0.179 0.142 0.185 0.183 0.123 0.146 0.187 0.096 0.167 0.114 0.125
 0.135 0.084 0.138 0.182 0.106 0.157 0.157 0.106 0.148 0.073 0.114 0.12
 0.097 0.175 0.115 0.116 0.144 0.164 0.092 0.138 0.138 0.117 0.156 0.131
 0.1   0.099 0.107 0.129 0.143 0.137 0.157 0.107 0.107 0.165 0.143 0.127
 0.108 0.11  0.148 0.198 0.116 0.137 0.176 0.102 0.123 0.139 0.123 0.147
 0.137 0.114 0.14  0.089 0.177 0.095 0.205 0.161 0.127 0.116 0.158 0.195
 0.162 0.165 0.196 0.069 0.196 0.14  0.127 0.176 0.202 0.241 0.196 0.145
 0.128 0.154 0.096 0.163 0.077 0.076 0.061 0.167 0.174 0.112 0.196 0.145
 0.097 0.124 0.091 0.133 0.107 0.112 0.109 0.037]seconds
Portion of runtime estimation module occupies: [0.646 1.012 1.07  1.092 1.112 0.595 1.556 0.918 1.024 0.752 0.726 0.488
 1.055 1.005 0.979 0.656 0.965 0.779 0.768 0.514 0.696 1.004 0.827 1.011
 1.088 0.879 1.204 0.824 1.017 1.212 0.999 0.78  0.538 1.218 1.125 1.517
 0.981 0.97  0.63  0.852 0.916 1.206 1.018 1.1   0.863 0.698 1.041 0.896
 1.284 1.683 1.069 1.339 0.669 0.997 0.828 0.722 1.102 0.891 0.953 0.872
 0.667 0.878 1.226 0.672 1.237 0.864 0.644 0.784 0.806 0.869 1.112 1.055
 0.822 0.963 0.764 1.305 0.868 1.198 1.109 0.896 0.924 0.81  1.059 0.775
 0.777 0.821 0.662 0.905 0.553 1.287 1.186 0.718 0.934 1.005 1.046 0.969
 0.939 1.248 0.993 1.291 1.272 0.853 1.013 1.301 0.669 1.163 0.791 0.871
 0.939 0.585 0.957 1.266 0.762 1.095 1.092 0.74  1.036 0.507 0.803 0.859
 0.682 1.212 0.803 0.805 1.003 1.139 0.644 0.967 0.966 0.819 1.12  0.917
 0.689 0.689 0.746 0.894 0.996 0.958 1.09  0.744 0.742 1.156 1.002 0.885
 0.748 0.771 1.036 1.368 0.808 0.955 1.225 0.711 0.857 0.969 0.859 1.023
 0.966 0.814 0.965 0.597 1.19  0.667 1.384 1.082 0.843 0.779 1.064 1.309
 1.091 1.113 1.307 0.463 1.329 0.95  0.891 1.189 1.366 1.64  1.328 0.981
 0.855 1.031 0.645 1.091 0.519 0.518 0.411 1.132 1.176 0.758 1.325 0.972
 0.674 0.84  0.606 0.903 0.724 0.758 0.733 0.251]%

Average time for sequential elapsed: 14.421seconds
Average runtime for prediction module: 14.205, where average occupies =98.502% relative to total time
Average runtime for estimation module: 0.135, where average occupies =0.936% relative to total time

Ellapsed time for UDU:[34.929 35.236 35.33  35.298 35.313 35.297 35.271 35.341 35.264 35.275
 35.257 35.22  35.241 35.246 35.277 35.173 35.173 35.122 35.187 35.144
 35.234 35.054 35.2   35.221 35.307 35.326 35.308 35.288 35.327 35.355
 35.243 35.29  35.293 35.267 35.214 35.4   35.323 35.381 35.407 35.286
 35.302 35.285 35.297 35.289 35.36  35.38  35.327 35.368 35.283 35.367
 35.315 34.852 35.238 35.305 35.332 35.325 35.275 35.332 35.292 35.216
 35.322 35.267 35.256 35.284 35.294 35.344 35.293 35.297 35.06  35.404
 35.32  35.264 35.378 35.217 35.298 35.329 35.249 35.307 35.228 35.325
 35.24  35.336 35.237 35.292 35.203 35.129 35.212 35.317 35.284 35.192
 35.26  35.35  35.372 35.13  35.359 35.242 35.346 35.314 35.281 35.309
 35.254 35.294 34.877 35.263 35.317 35.286 35.334 35.248 35.342 35.278
 35.301 35.221 35.08  35.267 35.313 35.296 35.382 35.362 35.318 35.233
 35.302 35.269 35.422 35.306 35.328 35.335 35.326 35.322 35.307 35.289
 35.32  35.317 35.308 35.27  35.278 35.278 35.195 35.421 35.279 35.232
 35.262 35.259 35.286 35.244 35.304 35.305 35.259 35.304 35.395 35.264
 35.318 35.325 35.308 34.865 35.323 35.295 35.281 35.307 35.236 35.262
 35.246 35.291 35.33  35.297 35.354 35.357 35.319 35.362 35.319 35.317
 35.236 35.266 35.303 35.325 35.302 35.319 35.289 35.29  35.29  35.301
 35.272 35.333 35.284 35.326 35.295 35.259 35.284 35.15  35.398 35.433
 35.333 35.213 35.272 35.286 35.247 35.297 35.251 35.279 35.296 35.272]
Summed runtime used in prediction module: [32.984 33.259 33.363 33.421 33.326 33.309 33.28  33.36  33.321 33.258
 33.354 33.416 33.381 33.309 33.289 33.176 33.172 33.057 33.245 33.206
 33.359 33.087 33.271 33.31  33.435 33.497 33.367 33.393 33.364 33.331
 33.262 33.381 33.453 33.399 33.361 33.488 33.327 33.417 33.537 33.359
 33.386 33.343 33.358 33.431 33.384 33.346 33.49  33.431 33.255 33.375
 33.327 32.886 33.271 33.509 33.473 33.423 33.468 33.311 33.232 33.242
 33.442 33.238 33.264 33.367 33.323 33.435 33.433 33.404 33.249 33.362
 33.398 33.34  33.411 33.31  33.337 33.289 33.281 33.237 33.31  33.408
 33.21  33.458 33.336 33.422 33.236 33.132 33.301 33.326 33.373 33.304
 33.28  33.33  33.408 33.238 33.433 33.271 33.433 33.414 33.381 33.332
 33.171 33.327 32.869 33.398 33.341 33.406 33.428 33.258 33.356 33.356
 33.328 33.194 33.027 33.358 33.427 33.368 33.538 33.5   33.243 33.301
 33.376 33.359 33.473 33.288 33.406 33.301 33.388 33.383 33.442 33.291
 33.399 33.433 33.438 33.301 33.382 33.343 33.27  33.53  33.412 33.287
 33.382 33.162 33.524 33.241 33.305 33.386 33.425 33.371 33.565 33.289
 33.298 33.328 33.329 32.95  33.375 33.459 33.454 33.341 33.345 33.398
 33.218 33.272 33.321 33.384 33.393 33.446 33.376 33.452 33.419 33.39
 33.246 33.312 33.478 33.335 33.512 33.363 33.382 33.385 33.376 33.369
 33.277 33.343 33.365 33.311 33.389 33.209 33.358 33.218 33.512 33.455
 33.3   33.255 33.344 33.363 33.242 33.408 33.387 33.361 33.274 33.275]seconds
Portion of runtime prediction module occupies: [94.429 94.388 94.431 94.682 94.375 94.368 94.355 94.394 94.49  94.284
 94.602 94.879 94.723 94.503 94.364 94.323 94.312 94.12  94.481 94.483
 94.68  94.39  94.52  94.575 94.698 94.823 94.503 94.629 94.445 94.276
 94.38  94.59  94.786 94.701 94.738 94.6   94.35  94.449 94.721 94.538
 94.572 94.496 94.505 94.733 94.414 94.25  94.799 94.524 94.253 94.369
 94.371 94.361 94.418 94.913 94.738 94.617 94.876 94.282 94.162 94.393
 94.677 94.245 94.349 94.569 94.417 94.6   94.729 94.638 94.835 94.232
 94.558 94.544 94.442 94.584 94.443 94.226 94.417 94.138 94.558 94.574
 94.239 94.686 94.606 94.699 94.413 94.314 94.575 94.362 94.584 94.637
 94.385 94.287 94.447 94.614 94.551 94.408 94.587 94.622 94.614 94.402
 94.092 94.427 94.242 94.711 94.405 94.672 94.607 94.356 94.382 94.551
 94.411 94.245 94.149 94.586 94.66  94.537 94.79  94.733 94.126 94.514
 94.542 94.586 94.497 94.286 94.559 94.246 94.513 94.51  94.718 94.338
 94.561 94.666 94.702 94.417 94.628 94.514 94.532 94.661 94.71  94.479
 94.669 94.054 95.008 94.316 94.339 94.563 94.798 94.524 94.829 94.399
 94.281 94.346 94.397 94.509 94.483 94.8   94.822 94.432 94.632 94.716
 94.245 94.279 94.314 94.578 94.454 94.595 94.499 94.598 94.619 94.544
 94.352 94.46  94.832 94.369 94.93  94.461 94.596 94.602 94.575 94.527
 94.344 94.367 94.562 94.294 94.599 94.185 94.542 94.506 94.673 94.419
 94.244 94.439 94.532 94.549 94.314 94.649 94.714 94.563 94.272 94.338]%
Summed runtime used in estimation module: [1.868 1.877 1.866 1.772 1.856 1.952 1.959 1.916 1.885 1.924 1.851 1.769
 1.789 1.813 1.911 1.902 1.941 1.986 1.871 1.854 1.777 1.86  1.813 1.848
 1.751 1.772 1.865 1.776 1.913 1.882 1.855 1.827 1.787 1.807 1.778 1.86
 1.859 1.838 1.832 1.882 1.85  1.887 1.898 1.806 1.881 1.954 1.773 1.845
 1.913 1.906 1.907 1.87  1.896 1.728 1.819 1.798 1.764 1.961 1.945 1.867
 1.832 1.954 1.905 1.87  1.938 1.86  1.777 1.825 1.757 1.916 1.865 1.861
 1.862 1.839 1.869 1.968 1.87  1.998 1.875 1.881 1.912 1.848 1.759 1.809
 1.904 1.942 1.876 1.907 1.791 1.814 1.828 1.913 1.909 1.808 1.857 1.923
 1.875 1.814 1.812 1.874 1.981 1.875 1.933 1.786 1.892 1.801 1.822 1.897
 1.897 1.865 1.907 1.902 1.987 1.826 1.819 1.883 1.773 1.774 1.925 1.871
 1.853 1.814 1.842 1.9   1.851 1.989 1.883 1.864 1.824 1.902 1.871 1.834
 1.768 1.909 1.819 1.851 1.84  1.842 1.823 1.891 1.789 1.936 1.732 1.933
 1.83  1.82  1.789 1.839 1.757 1.833 1.991 1.908 1.902 1.858 1.862 1.792
 1.754 1.91  1.807 1.786 1.934 1.931 1.915 1.846 1.88  1.842 1.88  1.838
 1.833 1.833 1.899 1.916 1.779 1.908 1.715 1.863 1.842 1.857 1.84  1.839
 1.892 1.902 1.853 1.908 1.839 1.974 1.881 1.815 1.798 1.91  1.96  1.905
 1.86  1.836 1.852 1.826 1.796 1.808 1.923 1.913]seconds
Portion of runtime estimation module occupies: [5.349 5.326 5.283 5.021 5.255 5.53  5.555 5.42  5.347 5.454 5.251 5.023
 5.076 5.144 5.418 5.408 5.518 5.655 5.317 5.274 5.042 5.307 5.15  5.247
 4.959 5.017 5.284 5.033 5.414 5.323 5.262 5.178 5.062 5.125 5.05  5.253
 5.262 5.194 5.173 5.334 5.24  5.348 5.377 5.117 5.318 5.524 5.02  5.218
 5.422 5.388 5.399 5.365 5.381 4.895 5.149 5.091 5.001 5.551 5.512 5.3
 5.188 5.542 5.402 5.3   5.491 5.262 5.035 5.171 5.012 5.413 5.279 5.277
 5.263 5.222 5.296 5.569 5.305 5.66  5.324 5.326 5.426 5.229 4.993 5.125
 5.409 5.529 5.329 5.4   5.075 5.155 5.184 5.412 5.397 5.146 5.251 5.456
 5.304 5.138 5.136 5.309 5.618 5.312 5.544 5.066 5.358 5.103 5.155 5.381
 5.367 5.287 5.401 5.399 5.663 5.178 5.152 5.335 5.012 5.017 5.45  5.309
 5.248 5.142 5.199 5.381 5.24  5.628 5.329 5.277 5.165 5.389 5.298 5.194
 5.008 5.413 5.156 5.245 5.228 5.2   5.167 5.368 5.075 5.491 4.909 5.485
 5.184 5.155 5.074 5.21  4.964 5.197 5.636 5.403 5.387 5.328 5.27  5.077
 4.972 5.409 5.128 5.065 5.488 5.471 5.421 5.23  5.319 5.208 5.323 5.197
 5.189 5.19  5.388 5.432 5.04  5.401 4.858 5.275 5.221 5.261 5.213 5.21
 5.364 5.382 5.252 5.4   5.209 5.597 5.33  5.165 5.08  5.39  5.546 5.411
 5.273 5.203 5.256 5.174 5.094 5.126 5.448 5.425]%

Average time for UDU elapsed: 35.279seconds
Average runtime for prediction module: 33.34, where average occupies =94.504% relative to total time
Average runtime for estimation module: 1.861, where average occupies =5.275% relative to total time


Average Relative speedup of batch vs sequential: -0.397%
Average Relative speedup of pred module in batch vs sequential: -0.431%
Average Relative speedup of est module in batch vs sequential: 3.571%


Average Relative speedup of batch vs UDU-sequential: -145.607%
Average Relative speedup of pred module in batch vs UDU-sequential: -135.718%
Average Relative speedup of est module in batch vs UDU-sequential: -1229.286%


Average Relative speedup of sequential vs UDU-sequential: -144.636%
Average Relative speedup of pred module in sequential vs UDU-sequential: -134.706%
Average Relative speedup of est module in sequential vs UDU-sequential: -1278.519%
